Warning: Loading Anaconda Python distribution after gcc compilers can cause linking or runtime errors.
 -> To avoid this issue, load python first followed by gcc
1 triangulations with 1 tetrahedra:
0,0,0,0 
1 triangulations with 2 tetrahedra:
1,1,1,1 0,0,0,0 
1 triangulations with 3 tetrahedra:
0,0,0,1 2,2,2,0 1,1,1,2 
1 triangulations with 4 tetrahedra:
0,1,1,0 1,0,0,2 3,2,2,1 2,3,3,3 
1 triangulations with 5 tetrahedra:
0,1,2,3 2,2,0,2 1,0,1,1 4,3,3,0 3,4,4,4 
4 triangulations with 6 tetrahedra:
0,0,0,1 2,3,3,0 1,4,4,2 4,1,1,3 3,2,2,5 5,5,5,4 
0,1,2,3 2,2,0,1 1,0,1,4 5,5,4,0 4,3,5,2 3,4,3,5 
1,1,1,2 0,0,0,3 4,4,4,0 5,5,5,1 2,2,2,5 3,3,3,4 
1,1,1,2 0,0,0,3 4,5,5,0 5,4,4,1 2,3,3,5 3,2,2,4 
0 triangulations with 7 tetrahedra:
3 triangulations with 8 tetrahedra:
0,1,2,1 2,3,0,0 1,0,4,2 4,5,1,4 3,2,5,3 5,4,3,6 7,6,6,5 6,7,7,7 
0,1,2,2 2,3,0,1 1,0,4,0 4,5,1,4 3,2,5,3 5,4,3,6 7,6,6,5 6,7,7,7 
1,2,2,1 0,3,3,0 3,0,0,4 2,1,1,5 6,5,5,2 7,4,4,3 4,7,7,7 5,6,6,6 
1 triangulations with 9 tetrahedra:
0,0,0,1 2,3,4,0 1,5,6,2 6,6,1,4 5,1,5,3 4,4,2,7 3,2,3,8 8,8,8,5 7,7,7,6 
2 triangulations with 10 tetrahedra:
0,0,0,1 2,3,4,0 1,5,6,2 6,4,1,4 5,1,3,3 4,6,2,7 3,2,5,8 8,8,9,5 7,9,7,6 9,7,8,9 
1,1,2,1 0,3,0,0 3,0,4,5 2,6,1,7 6,2,6,6 8,7,7,2 4,4,3,4 9,5,5,3 5,9,9,9 7,8,8,8 
0 triangulations with 11 tetrahedra:
12 triangulations with 12 tetrahedra:
0,1,1,2 1,0,0,3 4,5,5,0 6,7,7,1 2,8,8,4 8,2,2,7 3,9,9,6 9,3,3,5 5,4,4,10 7,6,6,11 11,10,10,8 10,11,11,9 
0,1,2,0 2,3,0,4 1,0,5,6 5,7,1,5 8,6,6,1 3,2,7,3 9,4,4,2 7,5,3,10 4,9,9,9 6,8,8,8 11,10,10,7 10,11,11,11 
0,1,2,3 2,2,0,4 1,0,1,5 6,6,7,0 8,8,9,1 7,10,6,2 3,5,3,6 5,3,11,8 4,9,4,7 9,4,8,10 11,11,5,9 10,7,10,11 
0,1,2,3 2,2,0,4 1,0,1,5 6,7,6,0 7,6,8,1 9,10,9,2 3,3,4,6 4,11,3,9 11,4,11,10 5,5,10,7 10,9,5,8 8,8,7,11 
0,1,2,3 2,3,0,4 1,0,5,6 5,7,1,0 8,4,4,1 3,2,7,5 9,10,10,2 7,5,3,10 4,8,8,9 6,11,11,8 11,6,6,7 10,9,9,11 
0,1,2,3 2,4,0,1 1,0,5,6 7,8,9,0 5,10,1,9 4,2,10,5 6,11,8,2 3,9,11,7 11,6,3,8 9,3,7,4 10,5,4,11 8,7,6,10 
0,1,2,3 2,4,0,5 1,0,3,6 4,2,7,0 3,7,1,4 8,9,9,1 10,6,6,2 7,3,4,9 5,11,11,10 11,5,5,7 6,10,10,8 9,8,8,11 
0,1,2,3 2,4,0,5 1,0,5,6 7,8,6,0 5,9,1,10 4,2,9,1 10,3,8,2 3,10,11,7 11,6,3,8 9,5,4,11 6,11,7,4 8,7,10,9 
0,1,2,3 2,4,0,5 1,0,6,4 7,5,8,0 6,9,1,2 10,8,3,1 4,2,9,10 3,11,10,7 11,3,5,8 9,6,4,11 5,7,11,6 8,10,7,9 
1,1,1,2 0,0,0,3 4,5,5,0 6,7,7,1 2,8,8,6 8,2,2,7 3,9,9,4 9,3,3,5 5,4,4,10 7,6,6,11 11,11,11,8 10,10,10,9 
1,1,2,3 0,4,0,5 4,0,5,6 7,8,6,0 2,9,1,10 9,2,9,1 11,3,11,2 3,11,10,9 10,10,3,11 5,5,4,7 8,7,8,4 6,6,7,8 
1,2,3,4 0,4,5,6 5,3,0,7 4,0,2,8 3,5,1,0 2,1,4,9 8,10,7,1 11,6,10,2 6,11,9,3 10,8,11,5 9,7,6,11 7,9,8,10 
0 triangulations with 13 tetrahedra:
4 triangulations with 14 tetrahedra:
0,1,2,3 2,4,0,2 1,0,5,1 6,3,3,0 5,7,1,8 4,2,7,9 3,6,6,6 7,5,4,10 11,9,11,4 12,13,8,5 13,12,13,7 8,8,12,12 9,11,10,11 10,10,9,13 
0,1,2,3 2,4,0,2 1,0,5,1 6,3,3,0 5,7,1,8 4,2,7,9 3,6,6,6 7,5,4,10 11,9,12,4 13,13,8,5 12,12,11,7 8,10,13,13 10,8,10,12 9,11,9,11 
1,1,1,2 0,0,0,3 4,4,5,0 6,7,6,1 2,8,2,6 8,2,9,7 3,3,10,4 10,11,3,5 5,12,4,11 12,5,12,12 7,6,13,13 13,13,7,8 9,9,8,9 11,10,11,10 
1,1,1,2 0,0,0,3 4,4,5,0 6,7,6,1 2,8,2,6 8,2,9,7 3,3,10,4 10,11,3,5 5,12,4,12 12,5,12,10 7,6,13,9 13,13,7,13 9,9,8,8 11,10,11,11 
2 triangulations with 15 tetrahedra:
0,1,2,3 2,2,0,4 1,0,1,5 6,7,7,0 8,9,8,1 10,10,9,2 3,11,11,6 11,3,3,9 4,4,12,10 12,5,4,7 5,12,5,8 7,6,6,13 9,8,10,14 14,13,13,11 13,14,14,12 
0,1,2,3 2,2,0,4 1,0,1,5 6,7,8,0 9,10,9,1 11,11,12,2 3,13,14,6 14,8,3,12 13,3,7,10 4,4,10,11 10,9,4,8 5,12,5,9 12,5,11,7 8,14,6,13 7,6,13,14 
2 triangulations with 16 tetrahedra:
1,2,2,2 0,3,3,4 3,0,0,0 2,1,1,5 5,6,7,1 4,8,9,3 9,10,4,9 8,4,11,8 7,12,5,7 6,5,13,6 13,14,6,12 12,7,14,14 11,15,8,10 10,9,15,15 15,11,10,11 14,13,12,13 
1,2,2,2 0,3,3,4 3,0,0,0 2,1,1,5 5,6,7,1 4,8,9,3 9,10,4,9 8,4,11,8 7,12,5,7 6,5,13,6 13,14,6,14 12,7,14,13 11,15,8,15 10,9,15,11 15,11,10,10 14,13,12,12 
0 triangulations with 17 tetrahedra:
5 triangulations with 18 tetrahedra:
0,0,0,1 2,3,4,0 1,5,6,2 6,7,1,4 5,1,8,3 4,9,2,10 3,2,11,12 11,13,3,14 9,4,13,15 8,16,5,9 12,12,17,5 7,6,16,11 10,17,10,6 16,8,7,13 14,15,15,7 15,14,14,8 13,11,9,17 17,10,12,16 
0,0,0,1 2,3,4,0 1,5,6,2 6,7,1,4 5,1,8,3 4,9,2,10 3,2,11,12 11,13,3,14 9,4,13,15 8,16,5,11 12,12,12,5 7,6,16,9 10,10,10,6 16,8,7,13 15,15,15,7 14,14,14,8 13,11,9,17 17,17,17,16 
0,1,2,3 2,2,0,4 1,0,1,5 6,6,7,0 8,8,9,1 7,10,6,2 3,5,3,6 5,3,11,8 4,12,4,7 12,4,13,10 11,11,5,9 10,7,10,14 9,15,8,16 15,9,15,17 16,17,16,11 13,13,12,15 14,14,17,12 17,16,14,13 
1,1,1,2 0,0,0,3 4,4,5,0 6,7,6,1 2,8,2,6 8,2,9,7 3,3,10,4 10,11,3,5 5,12,4,13 12,5,12,14 7,6,15,16 15,15,7,17 9,9,8,15 16,16,16,8 17,17,17,9 11,10,11,12 13,13,13,10 14,14,14,11 
1,1,1,2 0,0,0,3 4,5,6,0 7,8,9,1 2,10,11,7 11,12,2,9 10,2,13,8 3,13,12,4 12,11,3,6 13,3,10,5 6,9,4,14 5,4,8,15 8,7,5,16 9,6,7,17 16,16,16,10 17,17,17,11 14,14,14,12 15,15,15,13 
0 triangulations with 19 tetrahedra:
14 triangulations with 20 tetrahedra:
0,0,0,1 2,3,4,0 1,5,6,2 6,4,1,4 5,1,3,3 4,6,2,7 3,2,5,8 8,8,9,5 7,10,7,6 10,7,11,10 9,12,8,9 12,9,12,13 11,11,10,14 15,16,14,11 17,13,16,12 13,17,18,17 18,14,13,16 14,18,15,15 16,15,17,19 19,19,19,18 
0,1,1,2 1,0,0,3 4,5,6,0 7,8,9,1 2,10,11,4 11,9,2,9 10,2,8,8 3,12,13,7 13,6,3,6 12,3,5,5 6,13,4,14 5,4,12,15 9,11,7,16 8,7,10,17 17,15,18,10 16,18,14,11 15,17,19,12 14,19,16,13 19,14,15,19 18,16,17,18 
0,1,1,2 1,0,0,3 4,5,6,0 7,8,9,1 2,10,11,4 11,9,2,9 10,2,8,8 3,12,13,7 13,6,3,6 12,3,5,5 6,13,4,14 5,4,12,15 9,11,7,16 8,7,10,17 17,15,18,10 16,19,14,11 15,17,19,12 14,18,16,13 18,14,17,18 19,16,15,19 
0,1,2,0 2,2,0,3 1,0,1,4 5,4,6,1 7,8,3,2 3,9,7,7 9,3,10,8 4,5,11,5 11,12,4,6 6,13,5,14 13,6,12,15 8,7,16,17 16,10,8,18 10,16,9,16 17,17,17,9 18,19,18,10 12,11,13,13 14,14,14,11 15,15,19,12 19,18,15,19 
0,1,2,0 2,3,0,4 1,0,5,6 5,7,1,8 9,6,10,1 3,2,7,11 12,10,4,2 7,5,3,7 13,14,11,3 4,15,12,12 15,4,6,14 16,8,14,5 6,9,15,9 8,16,17,16 17,11,8,10 10,12,9,18 11,17,13,13 14,13,16,19 19,18,18,15 18,19,19,17 
0,1,2,3 2,4,0,2 1,0,5,1 6,3,3,0 5,7,1,8 4,2,7,9 3,6,6,6 7,5,4,10 11,9,12,4 13,12,8,5 14,15,15,7 8,16,13,13 16,8,9,15 9,11,16,11 10,17,17,14 17,10,10,12 12,13,11,18 15,14,14,19 19,18,18,16 18,19,19,17 
0,1,2,3 2,4,0,2 1,0,5,1 6,3,3,0 5,7,1,8 4,2,7,9 3,6,6,6 7,5,4,10 11,9,12,4 13,14,8,5 15,16,17,7 8,12,13,13 12,8,11,16 9,11,14,11 14,13,9,17 10,18,19,15 19,17,10,12 18,10,16,14 17,19,15,18 16,15,18,19 
0,1,2,3 2,4,0,2 1,0,5,1 6,3,3,0 5,7,1,8 4,2,7,9 3,6,6,6 7,5,4,10 11,9,12,4 13,14,8,5 15,16,17,7 8,17,13,13 17,8,15,16 9,11,18,11 18,19,9,17 10,12,19,15 19,18,10,12 12,10,11,14 14,13,16,19 16,15,14,18 
0,1,2,3 2,4,0,2 1,0,5,1 6,3,3,0 5,7,1,8 4,2,7,9 3,6,6,6 7,5,4,10 11,9,12,4 13,14,8,5 15,16,17,7 8,18,13,13 18,8,19,16 9,11,16,11 16,15,9,17 10,19,14,15 14,13,10,12 19,10,18,14 12,17,11,19 17,12,15,18 
1,0,0,2 0,1,1,3 4,5,6,0 7,8,9,1 2,10,11,7 11,6,2,6 10,2,5,5 3,12,13,4 13,9,3,9 12,3,8,8 6,11,4,14 5,4,10,15 9,13,7,16 8,7,12,17 15,17,18,10 14,19,16,11 17,15,19,12 16,18,14,13 19,14,17,19 18,16,15,18 
1,0,0,2 0,1,1,3 4,5,6,0 7,8,9,1 2,10,11,7 11,6,2,6 10,2,5,5 3,12,13,4 13,13,3,9 12,3,12,8 6,11,4,14 5,4,10,15 9,9,7,16 8,7,8,17 15,17,18,10 14,19,16,11 17,15,17,12 16,16,14,13 19,14,19,19 18,18,15,18 
1,0,0,2 0,1,1,3 4,5,6,0 7,8,9,1 2,10,11,7 11,6,2,6 10,2,5,5 3,12,13,4 13,14,3,9 12,3,15,8 6,11,4,16 5,4,10,17 9,18,7,14 8,7,19,19 19,17,8,12 18,9,17,18 17,19,18,10 16,15,14,11 15,16,12,15 14,13,16,13 
1,0,0,2 0,1,1,3 4,5,6,0 7,8,9,1 2,10,11,7 11,6,2,6 10,2,5,5 3,12,13,4 13,14,3,9 12,3,15,8 6,11,4,16 5,4,10,17 9,18,7,18 8,7,19,15 19,16,8,19 18,9,16,13 17,15,14,10 16,19,18,11 15,17,12,12 14,13,17,14 
1,1,1,2 0,0,0,3 4,5,6,0 7,8,9,1 2,10,11,7 11,9,2,9 10,2,8,8 3,12,13,4 13,6,3,6 12,3,5,5 6,13,4,14 5,4,12,15 9,11,7,16 8,7,10,17 17,17,18,10 16,18,16,11 15,15,19,12 14,19,14,13 19,14,15,19 18,16,17,18 
2 triangulations with 21 tetrahedra:
0,1,2,3 2,2,0,4 1,0,1,5 6,7,8,0 9,10,9,1 11,11,12,2 3,8,13,6 13,14,3,12 8,3,6,10 4,4,15,11 15,16,4,8 5,17,5,9 17,5,18,7 7,6,14,16 14,13,7,19 10,9,20,15 20,20,10,13 12,19,11,20 19,12,19,18 18,18,17,14 16,15,16,17 
0,1,2,3 2,2,0,4 1,0,1,5 6,7,8,0 9,10,9,1 11,11,12,2 3,13,7,6 7,6,3,12 13,3,14,10 4,4,15,11 15,16,4,8 5,17,5,9 17,5,18,7 8,14,6,18 14,8,13,19 10,9,19,20 19,19,10,16 12,20,11,17 20,12,20,13 16,15,16,14 18,18,17,15 
2 triangulations with 22 tetrahedra:
0,0,0,1 2,3,4,0 1,5,6,2 6,7,1,4 5,1,8,3 4,9,2,10 3,2,11,12 11,13,3,7 9,4,13,13 8,14,5,15 12,12,16,5 7,6,14,17 10,16,10,6 14,8,7,8 13,11,9,18 18,19,20,9 16,10,12,19 17,21,19,11 15,20,21,14 21,17,15,16 20,15,18,20 19,18,17,21 
0,0,0,1 2,3,4,0 1,5,6,2 6,7,1,4 5,1,8,3 4,9,2,10 3,2,11,12 11,13,3,13 9,4,13,8 8,14,5,15 12,12,16,5 7,6,14,17 10,16,10,6 14,8,7,7 13,11,9,18 15,19,20,9 16,10,12,19 18,21,19,11 17,20,21,14 20,17,15,16 19,15,18,20 21,18,17,21 
0 triangulations with 23 tetrahedra:
21 triangulations with 24 tetrahedra:
0,0,0,1 2,3,4,0 1,5,6,2 6,7,1,4 5,1,8,3 4,9,2,10 3,2,11,12 11,13,3,14 9,4,13,15 8,16,5,11 12,12,12,5 7,6,16,9 10,10,10,6 16,8,7,17 15,15,18,7 14,18,14,8 13,11,9,19 20,21,21,13 18,14,15,21 22,19,19,16 17,23,23,22 23,17,17,18 19,22,22,20 21,20,20,23 
0,1,2,3 2,2,0,4 1,0,1,5 6,6,7,0 8,8,9,1 7,10,6,2 3,5,3,6 5,3,11,8 4,12,4,7 12,4,13,10 11,11,5,9 10,7,10,14 9,15,8,16 15,9,15,17 16,17,16,11 13,13,12,18 14,14,19,12 19,20,14,13 21,21,22,15 17,16,23,21 23,23,17,22 18,22,18,19 22,18,21,20 20,19,20,23 
0,1,2,3 2,2,0,4 1,0,1,5 6,7,6,0 7,6,8,1 9,10,9,2 3,3,4,6 4,11,3,9 11,4,11,10 5,5,12,7 12,13,5,8 8,8,7,14 10,9,15,16 15,15,10,17 16,16,17,11 13,12,13,18 14,19,14,12 19,14,20,13 21,22,21,15 17,23,16,21 23,17,23,22 18,18,22,19 22,21,18,20 20,20,19,23 
0,1,2,3 2,4,0,1 1,0,5,6 7,8,9,0 5,10,1,9 4,2,10,11 6,12,13,2 3,14,8,7 8,7,3,13 14,3,15,4 10,5,4,16 17,18,12,5 13,11,6,12 12,6,17,8 9,15,7,17 15,9,14,19 20,19,21,10 11,13,18,14 18,17,11,21 22,21,16,15 16,23,22,20 23,16,19,18 19,20,23,22 21,22,20,23 
0,1,2,3 2,4,0,1 1,0,5,6 7,8,9,0 5,10,1,9 4,2,10,11 6,12,13,2 3,14,15,7 15,9,3,13 14,3,8,4 10,5,4,16 17,18,19,5 13,20,6,19 12,6,16,8 9,15,7,17 8,7,14,21 20,13,22,10 11,21,23,14 23,19,11,22 21,11,18,12 16,22,12,20 19,23,17,15 22,16,20,18 18,17,21,23 
0,1,2,3 2,4,0,5 1,0,6,2 7,8,9,0 6,10,1,11 5,12,13,1 4,2,10,8 3,9,14,7 14,15,3,6 9,3,7,12 10,6,4,16 17,13,18,4 13,17,5,9 12,5,11,13 8,7,15,17 15,14,8,19 20,21,19,10 11,18,12,14 18,11,17,21 22,16,21,15 16,22,23,20 23,19,16,18 19,23,20,22 21,20,22,23 
0,1,2,3 2,4,0,5 1,0,6,7 8,9,9,0 6,10,1,11 12,13,14,1 4,2,10,15 16,17,13,2 3,18,18,8 18,3,3,13 10,6,4,19 14,20,12,4 5,11,21,16 21,7,5,9 11,5,15,20 20,14,17,6 7,21,19,12 19,15,7,17 9,8,8,22 17,16,20,10 15,19,11,14 13,12,16,23 23,22,22,18 22,23,23,21 
0,1,2,3 2,4,0,5 1,0,6,7 8,9,9,0 6,10,1,11 12,13,14,1 4,2,10,15 16,17,13,2 3,18,18,8 18,3,3,13 10,6,4,19 20,14,17,4 5,19,21,16 21,7,5,9 19,5,11,14 17,16,20,6 7,21,15,12 15,11,7,20 9,8,8,22 14,20,12,10 11,15,19,17 13,12,16,23 23,22,22,18 22,23,23,21 
0,1,2,3 2,4,0,5 1,0,6,7 8,9,10,0 6,11,1,12 13,10,14,1 4,2,11,15 16,17,18,2 3,19,15,8 15,20,3,18 19,3,5,10 11,6,4,19 18,21,16,4 5,22,19,16 22,5,20,21 9,8,23,6 7,12,17,13 17,16,7,23 12,7,21,9 10,13,8,11 23,14,9,20 21,18,12,14 14,23,13,22 20,15,22,17 
0,1,2,3 2,4,0,5 1,0,6,7 8,9,10,0 6,11,1,12 13,10,14,1 4,2,11,15 16,17,18,2 3,19,15,8 15,20,3,18 19,3,5,10 11,6,4,19 18,21,16,4 5,22,19,16 22,5,20,21 9,8,23,6 7,12,21,13 21,18,7,23 12,7,17,9 10,13,8,11 23,14,9,22 17,16,12,14 14,23,13,20 20,15,22,17 
0,1,2,3 2,4,0,5 1,0,6,7 8,9,10,0 6,11,1,12 13,14,15,1 4,2,11,16 17,18,9,2 3,12,19,8 19,7,3,9 12,3,20,14 11,6,4,19 10,21,8,4 5,15,16,17 16,22,5,10 15,5,13,21 14,13,22,6 7,19,23,13 23,20,7,22 9,8,17,11 21,10,18,20 20,23,12,15 22,16,14,18 18,17,21,23 
0,1,2,3 2,4,0,5 1,0,6,7 8,9,10,0 6,11,1,12 13,14,15,1 4,2,11,16 17,18,9,2 3,12,19,8 19,7,3,9 12,3,20,14 11,6,4,19 10,21,8,4 5,22,16,17 16,15,5,10 22,5,14,21 14,13,22,6 7,19,23,13 23,20,7,22 9,8,17,11 21,10,18,23 20,23,12,15 15,16,13,18 18,17,21,20 
1,1,2,3 0,4,0,5 4,0,6,7 8,8,9,0 2,10,1,11 12,13,14,1 10,2,10,15 14,14,12,2 3,16,3,12 16,3,17,13 6,6,4,18 19,19,20,4 5,7,21,8 21,21,5,9 7,5,7,19 20,22,19,6 9,18,8,22 18,9,18,20 17,17,16,10 11,15,11,14 15,11,23,17 13,12,13,23 23,23,15,16 22,20,22,21 
1,2,2,2 0,3,3,4 3,0,0,0 2,1,1,5 5,6,7,1 4,8,9,3 9,10,4,9 8,4,11,8 7,12,5,7 6,5,13,6 13,14,6,15 12,7,14,16 11,17,8,18 10,9,17,19 17,11,10,17 20,19,19,10 21,18,18,11 14,13,12,14 22,16,16,12 23,15,15,13 15,23,23,23 16,22,22,22 18,21,21,21 19,20,20,20 
1,2,2,3 0,4,4,5 4,0,0,6 7,8,8,0 2,1,1,9 10,11,11,1 12,13,13,2 3,14,14,10 14,3,3,13 15,16,16,4 5,17,17,7 17,5,5,16 6,18,18,15 18,6,6,8 8,7,7,19 9,20,20,12 20,9,9,11 11,10,10,21 13,12,12,22 22,21,21,14 16,15,15,23 23,19,19,17 19,23,23,18 21,22,22,20 
1,2,2,3 0,4,4,5 4,0,0,6 7,8,8,0 2,1,1,9 10,11,12,1 13,14,14,2 3,15,15,10 15,3,3,14 16,17,18,4 5,18,19,7 19,20,5,18 18,5,16,17 6,21,21,16 21,6,6,8 8,7,7,20 9,12,22,13 22,23,9,12 12,9,10,11 11,10,23,22 23,22,11,15 14,13,13,23 17,16,20,19 20,19,17,21 
1,2,2,3 0,4,4,5 4,0,0,6 7,8,8,0 2,1,1,9 10,11,12,1 13,14,14,2 3,15,15,10 15,3,3,14 16,17,18,4 5,19,17,7 17,16,5,18 19,5,20,17 6,21,21,16 21,6,6,8 8,7,7,20 9,22,11,13 11,10,9,12 22,9,23,11 12,23,10,22 23,12,22,15 14,13,13,23 18,20,16,19 20,18,19,21 
1,2,3,4 0,4,5,6 5,7,0,8 4,0,9,10 3,11,1,0 2,1,12,13 10,14,8,1 12,15,2,16 17,6,14,2 11,3,15,18 6,17,19,3 9,20,4,19 7,5,20,15 21,16,22,5 19,8,6,22 20,9,7,12 23,22,13,7 8,19,10,21 22,23,21,9 14,10,17,11 15,12,11,23 13,18,23,17 18,13,16,14 16,21,18,20 
1,2,3,4 0,5,4,6 4,7,0,8 5,0,9,10 2,1,11,0 3,12,1,13 8,10,14,1 11,15,2,16 6,17,18,2 12,3,15,19 18,14,6,3 7,4,20,17 9,20,5,15 21,22,19,5 17,6,10,22 20,9,7,12 22,21,23,7 14,18,8,11 10,8,17,21 23,13,22,9 15,11,12,23 13,23,16,18 16,19,13,14 19,16,21,20 
1,2,3,4 0,5,6,7 6,7,0,8 5,0,9,10 11,12,13,0 3,14,1,15 2,1,16,17 16,18,2,1 19,20,15,2 14,3,18,21 18,16,14,3 4,21,20,16 20,19,4,14 21,4,17,20 9,10,5,12 22,8,23,5 7,6,10,11 23,13,22,6 10,9,7,22 8,22,12,23 12,11,8,13 13,23,11,9 15,17,19,18 17,15,21,19 
1,2,3,4 0,5,6,7 6,8,0,9 5,0,9,10 11,12,10,0 3,13,1,14 2,1,14,15 16,17,15,1 14,18,2,19 13,3,18,2 19,4,17,3 4,19,20,16 20,15,4,17 9,21,5,22 8,6,21,5 22,7,12,6 7,22,23,11 23,10,7,12 21,9,8,23 10,23,11,8 12,11,22,21 18,14,13,20 15,20,16,13 17,16,19,18 
0 triangulations with 25 tetrahedra:
1 triangulations with 26 tetrahedra:
0,1,2,3 2,4,0,2 1,0,5,1 6,3,3,0 5,7,1,8 4,2,7,9 3,6,6,6 7,5,4,10 11,9,12,4 13,14,8,5 15,16,17,7 8,18,13,13 18,8,19,16 9,11,20,11 20,21,9,17 10,22,23,15 23,23,10,12 22,10,22,14 12,24,11,21 24,12,21,20 14,13,25,19 25,19,14,18 17,17,15,24 16,15,16,25 19,25,18,22 21,20,24,23 
4 triangulations with 27 tetrahedra:
0,1,2,0 2,2,0,3 1,0,1,4 5,4,6,1 7,8,3,2 3,9,7,7 9,3,10,8 4,5,11,5 11,12,4,6 6,13,5,14 13,6,12,10 8,7,15,16 15,10,8,12 10,15,9,17 16,16,18,9 12,11,13,19 14,20,14,11 17,21,22,13 20,14,23,21 19,24,25,15 18,26,16,25 22,25,17,18 21,17,24,24 26,18,26,26 25,22,19,22 24,19,21,20 23,23,20,23 
0,1,2,3 2,2,0,4 1,0,1,5 6,7,8,0 9,10,9,1 11,11,12,2 3,13,14,6 14,14,3,12 13,3,13,10 4,4,15,11 15,16,4,8 5,17,5,9 17,5,18,7 8,8,6,19 7,6,7,20 10,9,21,22 21,21,10,23 12,24,11,25 24,12,24,26 22,20,23,13 25,26,19,14 16,15,16,21 19,23,25,15 23,19,22,16 18,18,17,24 20,22,26,17 26,25,20,18 
0,1,2,3 2,2,0,4 1,0,1,5 6,7,8,0 9,10,11,1 12,13,14,2 3,15,16,6 16,16,3,14 15,3,15,10 4,11,17,12 17,18,4,8 11,4,9,13 5,19,20,9 20,20,5,11 19,5,19,7 8,8,6,21 7,6,7,22 10,9,18,23 18,17,10,24 14,14,12,25 13,12,13,20 23,22,24,15 25,25,21,16 21,26,25,17 26,21,26,18 22,23,22,19 24,24,23,26 
0,1,2,3 2,2,0,4 1,0,1,5 6,7,8,0 9,10,11,1 12,13,14,2 3,15,16,6 16,16,3,14 15,3,15,10 4,17,18,12 18,18,4,8 17,4,17,13 5,19,13,9 13,12,5,11 19,5,20,7 8,8,6,21 7,6,7,22 11,11,9,17 10,9,10,23 14,20,12,24 20,14,19,25 23,22,23,15 24,25,21,16 21,21,24,18 22,23,26,19 26,26,22,20 25,24,25,26 
11 triangulations with 28 tetrahedra:
0,0,0,1 2,3,4,0 1,5,6,2 6,7,1,4 5,1,8,3 4,9,2,10 3,2,11,12 11,13,3,7 9,4,13,13 8,14,5,15 12,12,16,5 7,6,14,17 10,18,10,6 14,8,7,8 13,11,9,19 19,20,21,9 18,10,22,20 17,23,24,11 16,25,12,24 15,21,26,14 26,27,15,16 21,15,19,21 25,16,25,22 24,24,17,26 23,17,23,18 22,22,18,27 20,19,27,23 27,26,20,25 
0,0,0,1 2,3,4,0 1,5,6,2 6,7,1,4 5,1,8,3 4,9,2,10 3,2,11,12 11,13,3,13 9,4,13,8 8,14,5,15 12,12,16,5 7,6,14,17 10,18,10,6 14,8,7,7 13,11,9,19 15,20,21,9 18,10,22,20 19,23,24,11 16,25,12,24 17,26,23,14 21,21,15,16 20,15,20,26 25,16,25,27 23,19,17,23 26,17,27,18 22,22,18,25 24,27,19,21 27,24,26,22 
0,1,1,2 1,0,0,3 4,5,6,0 7,6,8,1 2,9,10,4 10,11,2,8 9,2,3,6 3,12,9,7 12,3,11,5 6,7,4,13 5,4,14,15 14,8,5,16 8,14,7,17 13,15,17,9 11,10,12,18 17,19,13,10 20,16,16,11 15,13,21,12 22,23,24,14 21,25,15,24 16,20,20,22 19,17,25,23 18,26,27,20 27,24,18,21 26,18,23,19 25,21,19,25 24,27,22,27 23,22,26,26 
0,1,2,3 2,4,0,2 1,0,5,1 6,3,3,0 5,7,1,8 4,2,7,9 3,6,6,6 7,5,4,10 11,9,12,4 13,14,8,5 15,12,16,7 8,17,13,13 17,8,10,12 9,11,18,11 18,16,9,16 10,19,17,15 19,10,14,14 12,15,11,20 14,13,19,21 16,18,15,22 20,21,22,17 22,23,20,18 21,20,24,19 24,25,21,24 23,22,25,23 25,24,23,26 27,26,26,25 26,27,27,27 
0,1,2,3 2,4,0,2 1,0,5,1 6,3,3,0 5,7,1,8 4,2,7,9 3,6,6,6 7,5,4,10 11,9,12,4 13,14,8,5 15,16,14,7 8,17,13,13 17,8,16,16 9,11,18,11 18,10,9,14 10,18,19,15 19,12,10,12 12,19,11,20 14,13,15,21 16,15,17,22 22,21,23,17 21,22,20,18 20,24,21,19 24,20,25,24 23,25,22,23 25,23,24,26 27,26,26,25 26,27,27,27 
1,1,2,1 0,3,0,0 3,0,4,5 2,6,1,7 6,2,6,8 9,10,7,2 4,4,3,11 12,5,13,3 14,13,15,4 5,12,16,12 16,15,5,15 17,18,18,6 7,19,9,9 19,7,8,18 8,20,19,17 20,8,10,10 10,9,20,21 11,22,22,14 22,11,11,13 13,14,12,23 15,16,14,24 24,25,23,16 18,17,17,26 26,21,26,19 21,26,27,20 27,27,21,27 23,23,24,22 25,24,25,25 
1,1,2,1 0,3,0,0 3,0,4,5 2,6,1,7 6,2,6,8 9,10,7,2 4,4,3,11 12,5,13,3 14,15,15,4 5,12,16,12 16,11,5,15 17,18,10,6 7,19,9,9 19,7,18,18 8,20,20,17 20,8,8,10 10,9,17,21 11,16,22,14 22,13,11,13 13,22,12,23 15,14,14,24 24,24,23,16 18,17,19,25 25,21,26,19 21,25,21,20 23,27,24,22 27,23,27,27 26,26,25,26 
1,1,2,2 0,3,0,4 3,0,5,0 2,6,1,7 7,8,9,1 6,2,6,8 5,5,3,10 4,11,12,3 12,13,4,5 11,4,14,11 15,15,16,6 9,17,7,9 8,7,18,15 18,19,8,16 17,9,19,20 10,21,10,12 21,10,22,13 14,23,11,24 13,12,23,22 23,14,13,23 25,24,24,14 16,26,15,26 26,16,26,18 19,18,17,19 27,20,20,17 20,27,27,27 22,22,21,21 24,25,25,25 
1,1,2,3 0,4,0,4 4,0,5,6 6,7,8,0 2,9,1,1 9,2,9,10 3,11,12,2 12,13,3,12 11,3,14,9 5,5,4,8 15,16,15,5 8,17,6,15 7,6,18,7 18,19,7,20 17,8,19,16 10,10,21,11 21,22,10,14 14,23,11,22 13,12,23,24 23,14,13,23 25,24,24,13 16,15,26,26 26,26,16,17 19,18,17,19 27,20,20,18 20,27,27,27 22,21,22,21 24,25,25,25 
1,2,2,2 0,3,3,4 3,0,0,0 2,1,1,5 5,6,7,1 4,8,9,3 9,10,4,9 8,4,11,8 7,12,5,7 6,5,13,6 13,14,6,15 12,7,14,16 11,17,8,18 10,9,17,19 17,11,10,20 21,19,22,10 23,24,18,11 14,13,12,25 22,16,21,12 26,27,15,13 24,23,27,14 15,18,26,26 18,15,23,23 16,22,20,22 20,25,16,27 27,26,24,17 19,21,25,21 25,20,19,24 
1,2,2,2 0,3,3,4 3,0,0,0 2,1,1,5 5,6,7,1 4,8,9,3 9,10,4,9 8,4,11,8 7,12,5,7 6,5,13,6 13,14,6,15 12,7,14,16 11,17,8,18 10,9,17,19 17,11,10,20 21,19,22,10 23,24,18,11 14,13,12,25 26,16,27,12 24,23,15,13 22,27,21,14 15,20,24,24 20,15,25,27 16,26,19,26 19,21,16,21 27,22,26,17 18,25,23,23 25,18,20,22 
1 triangulations with 29 tetrahedra:
0,0,0,1 2,3,4,0 1,5,6,2 6,7,1,4 5,1,8,3 4,9,2,10 3,2,11,12 11,13,3,14 9,4,13,15 8,16,5,11 12,12,12,5 7,6,16,9 10,10,10,6 16,8,7,17 15,15,18,7 14,19,14,8 13,11,9,20 21,22,23,13 19,14,24,22 18,25,15,23 26,20,20,16 17,27,28,26 28,23,17,18 27,17,22,19 25,18,25,25 24,24,19,24 20,26,26,21 23,28,21,28 22,21,27,27 
25 triangulations with 30 tetrahedra:
0,0,0,1 2,3,4,0 1,5,6,2 6,4,1,4 5,1,3,3 4,6,2,7 3,2,5,8 8,8,9,5 7,10,7,6 10,7,11,10 9,12,8,9 12,9,12,13 11,11,10,14 15,16,14,11 17,13,18,12 13,17,19,17 19,20,13,18 14,21,15,15 21,14,22,16 16,15,23,24 23,22,16,25 18,26,17,27 26,18,20,28 20,19,26,26 27,27,27,19 28,28,29,20 22,23,21,23 24,24,24,21 25,29,25,22 29,25,28,29 
0,0,0,1 2,3,4,0 1,5,6,2 6,7,1,4 5,1,8,3 4,9,2,10 3,2,11,12 11,13,3,14 9,4,13,15 8,16,5,17 12,12,18,5 7,6,16,19 10,18,10,6 16,8,7,20 21,15,22,7 23,22,14,8 13,11,9,16 24,25,19,9 18,10,12,25 26,17,25,11 20,27,27,13 14,28,23,26 28,14,15,27 15,21,28,24 17,26,29,23 29,19,17,18 19,29,24,21 27,20,20,22 22,23,21,28 25,24,26,29 
0,0,0,1 2,3,4,0 1,5,6,2 6,7,1,4 5,1,8,3 4,9,2,10 3,2,11,12 11,13,3,14 9,4,13,15 8,16,5,17 12,12,18,5 7,6,16,19 10,18,10,6 16,8,7,20 21,15,22,7 23,22,14,8 13,11,9,24 25,26,25,9 18,10,12,26 27,27,26,11 28,28,28,13 14,24,23,27 24,14,15,28 15,21,24,25 22,23,21,16 17,17,29,23 29,19,17,18 19,29,19,21 20,20,20,22 26,25,27,29 
0,0,0,1 2,3,4,0 1,5,6,2 6,7,1,4 5,1,8,3 4,9,2,10 3,2,11,12 11,13,3,14 9,4,13,15 8,16,5,17 12,12,18,5 7,6,16,19 10,20,10,6 16,8,7,21 22,15,23,7 24,23,14,8 13,11,9,25 26,18,26,9 20,10,17,18 27,27,28,11 18,26,12,28 29,29,29,13 14,25,24,27 25,14,15,29 15,22,25,26 23,24,22,16 17,17,20,24 19,28,19,22 28,19,27,20 21,21,21,23 
0,0,0,1 2,3,4,0 1,5,6,2 6,7,1,4 5,1,8,3 4,9,2,10 3,2,11,12 11,13,3,14 9,4,13,15 8,16,5,17 12,12,18,5 7,6,16,19 10,20,10,6 16,8,7,21 22,15,23,7 24,23,14,8 13,11,9,25 26,27,26,9 20,10,28,27 28,28,20,11 18,19,12,20 29,29,29,13 14,25,24,28 25,14,15,29 15,22,25,26 23,24,22,16 17,17,27,24 27,26,17,18 19,18,19,22 21,21,21,23 
0,1,2,3 2,2,0,4 1,0,1,5 6,6,7,0 8,8,9,1 7,10,6,2 3,5,3,6 5,3,11,8 4,12,4,7 12,4,13,10 11,11,5,9 10,7,10,14 9,15,8,16 15,9,15,17 16,17,16,11 13,13,12,18 14,14,19,12 19,20,14,13 21,21,22,15 17,16,23,21 23,23,17,22 18,24,18,19 24,18,25,20 20,19,20,26 22,27,21,28 27,22,27,29 28,29,28,23 25,25,24,27 26,26,29,24 29,28,26,25 
0,1,2,3 2,2,0,4 1,0,1,5 6,7,7,0 8,9,10,1 11,12,9,2 3,13,13,6 13,3,3,9 4,14,15,11 15,5,4,7 14,4,16,12 5,15,17,8 17,16,5,10 7,6,6,18 10,19,8,20 9,8,11,21 19,10,12,22 12,11,19,23 21,18,18,13 16,17,14,24 23,23,25,14 18,21,21,15 26,22,22,16 20,25,20,17 27,28,28,19 25,20,23,28 22,26,26,27 24,29,29,26 29,24,24,25 28,27,27,29 
0,1,2,3 2,2,0,4 1,0,1,5 6,7,8,0 9,8,10,1 11,12,13,2 3,14,15,6 15,16,3,13 14,3,4,8 4,17,14,11 17,4,16,12 5,18,19,9 19,13,5,10 18,5,12,7 8,9,6,20 7,6,21,22 21,10,7,16 10,21,9,23 13,19,11,24 12,11,18,25 20,22,24,14 16,15,17,26 24,27,20,15 25,25,28,17 22,20,29,18 23,28,23,19 26,29,27,21 29,26,22,27 28,23,25,29 27,24,26,28 
0,1,2,3 2,2,0,4 1,0,1,5 6,7,8,0 9,10,9,1 11,11,12,2 3,13,14,6 14,8,3,12 13,3,7,10 4,4,15,11 15,16,4,8 5,17,5,9 17,5,18,7 8,14,6,19 7,6,13,20 10,9,21,22 21,21,10,18 12,23,11,24 23,12,23,16 22,20,25,13 24,25,19,14 16,15,16,26 19,27,24,15 18,18,17,28 20,22,27,17 27,19,20,25 28,28,29,21 25,24,22,29 26,29,26,23 29,26,28,27 
0,1,2,3 2,2,0,4 1,0,1,5 6,7,8,0 9,10,9,1 11,11,12,2 3,13,14,6 14,15,3,12 13,3,16,10 4,4,10,11 10,9,4,8 5,17,5,9 17,5,18,7 8,19,6,13 7,6,20,19 20,21,7,22 19,8,21,17 12,23,11,16 23,12,23,24 16,25,13,14 15,14,25,20 25,16,15,26 22,24,27,15 18,18,17,28 27,27,22,18 21,20,19,25 26,29,28,21 24,22,24,29 29,26,29,23 28,28,26,27 
0,1,2,3 2,2,0,4 1,0,1,5 6,7,8,0 9,10,11,1 12,13,7,2 3,14,15,6 15,5,3,7 14,3,16,10 4,17,18,12 18,11,4,8 17,4,10,13 5,15,19,9 19,16,5,11 8,20,6,21 7,6,12,22 20,8,13,16 11,18,9,23 10,9,17,24 13,12,20,25 16,19,14,26 24,22,27,14 22,24,21,15 25,25,28,17 21,29,22,18 23,28,23,19 26,27,29,20 29,21,26,27 28,23,25,29 27,26,24,28 
0,1,2,3 2,2,0,4 1,0,1,5 6,7,8,0 9,10,11,1 12,13,14,2 3,15,16,6 16,8,3,14 15,3,7,10 4,17,10,12 10,9,4,8 17,4,18,13 5,14,19,9 19,20,5,11 14,5,12,7 8,16,6,15 7,6,15,16 11,18,9,21 18,11,17,22 13,12,20,23 20,19,13,24 23,23,25,17 26,27,24,18 21,25,21,19 28,22,27,20 25,21,23,27 22,28,29,26 29,24,22,25 24,29,26,28 27,26,28,29 
0,1,2,3 2,2,0,4 1,0,1,5 6,7,8,0 9,10,11,1 12,13,14,2 3,15,16,6 16,8,3,14 15,3,7,10 4,17,18,12 18,11,4,8 17,4,10,13 5,19,20,9 20,14,5,11 19,5,13,7 8,16,6,21 7,6,15,22 11,18,9,23 10,9,17,24 14,20,12,25 13,12,19,26 24,22,27,15 25,27,21,16 26,26,28,17 21,29,25,18 22,24,29,19 23,28,23,20 29,21,22,27 28,23,26,29 27,25,24,28 
0,1,2,3 2,2,0,4 1,0,1,5 6,7,8,0 9,10,11,1 12,13,14,2 3,15,16,6 16,17,3,14 15,3,18,10 4,19,10,12 10,9,4,8 19,4,20,13 5,21,22,9 22,14,5,11 21,5,13,7 8,23,6,15 7,6,24,23 24,25,7,20 23,8,25,21 11,20,9,26 20,11,19,17 14,22,12,18 13,12,21,27 18,28,15,16 17,16,28,24 28,18,17,29 27,27,29,19 26,29,26,22 25,24,23,28 29,26,27,25 
0,1,2,3 2,2,0,4 1,0,1,5 6,7,8,0 9,10,11,1 12,13,14,2 3,15,16,6 16,17,3,14 15,3,18,10 4,19,20,12 20,11,4,8 19,4,10,13 5,14,21,9 21,22,5,11 14,5,12,7 8,23,6,24 7,6,24,16 24,25,7,20 23,8,25,22 11,20,9,26 10,9,19,17 13,12,22,27 22,21,13,18 18,28,15,23 17,16,28,15 28,18,17,29 27,27,29,19 26,29,26,21 25,24,23,28 29,26,27,25 
0,1,2,3 2,4,0,1 1,0,5,6 7,8,9,0 5,10,1,9 4,2,10,11 6,12,13,2 3,14,15,7 15,16,3,13 14,3,17,4 10,5,4,18 19,20,21,5 13,22,6,21 12,6,23,8 9,24,7,19 8,7,25,26 25,18,8,20 24,9,18,17 27,17,16,10 11,26,28,14 28,28,11,16 26,11,26,12 23,29,12,25 22,13,29,28 17,27,14,29 16,15,27,22 21,21,19,15 18,25,24,27 20,19,20,23 29,23,22,24 
0,1,2,3 2,4,0,5 1,0,6,2 7,8,9,0 6,10,1,11 5,12,13,1 4,2,10,8 3,14,15,7 15,16,3,6 14,3,17,12 10,6,4,18 19,20,21,4 13,22,5,9 12,5,23,20 9,24,7,25 8,7,26,19 26,18,8,16 24,9,18,21 27,17,16,10 11,28,25,15 25,25,11,13 28,11,28,17 23,29,12,28 22,13,29,24 17,27,14,23 20,19,20,14 16,15,27,29 18,26,24,27 21,21,19,22 29,23,22,26 
0,1,2,3 2,4,0,5 1,0,6,7 8,9,10,0 6,11,1,12 13,14,13,1 4,2,11,15 16,17,18,2 3,19,20,8 20,10,3,18 19,3,9,14 11,6,4,21 17,16,22,4 5,5,23,16 23,24,5,10 24,23,24,6 7,22,12,13 12,18,7,24 22,7,17,9 10,20,8,25 9,8,19,26 27,28,29,11 18,12,16,28 14,13,15,29 15,15,14,17 29,26,27,19 28,27,25,20 21,25,26,27 26,29,21,22 25,21,28,23 
0,1,2,3 2,4,0,5 1,0,6,7 8,9,10,0 6,11,1,12 13,14,13,1 4,2,11,15 16,17,18,2 3,19,20,8 20,21,3,18 19,3,22,14 11,6,4,23 17,16,24,4 5,5,25,16 25,26,5,10 26,25,26,6 7,18,12,13 12,24,7,26 18,7,16,9 10,27,8,28 9,8,28,20 28,23,9,25 27,10,23,24 29,22,21,11 24,12,17,22 14,13,15,21 15,15,14,17 22,29,19,27 21,20,29,19 23,28,27,29 
0,1,2,3 2,4,0,5 1,0,6,7 8,9,10,0 6,11,1,12 13,14,15,1 4,2,11,16 17,17,18,2 3,19,20,8 20,10,3,18 19,3,9,14 11,6,4,21 22,22,23,4 5,16,24,17 24,15,5,10 16,5,14,22 15,24,13,6 7,23,7,13 23,7,22,9 10,20,8,25 9,8,19,26 27,28,29,11 12,18,12,15 18,12,17,28 14,13,16,29 29,26,27,19 28,27,25,20 21,25,26,27 26,29,21,23 25,21,28,24 
1,1,2,1 0,3,0,0 3,0,4,5 2,6,1,7 6,2,6,8 9,10,7,2 4,4,3,11 12,5,13,3 14,14,15,4 5,12,16,12 16,17,5,15 18,19,18,6 7,20,9,9 20,7,21,19 8,22,8,18 22,8,23,10 10,9,24,24 24,21,10,22 11,11,25,14 25,26,11,13 13,27,12,27 27,13,17,25 15,28,14,17 28,15,28,28 17,16,27,16 19,18,29,21 29,29,19,29 21,24,20,20 23,23,22,23 26,25,26,26 
1,1,2,3 0,4,0,5 4,0,6,7 8,9,8,0 2,10,1,11 12,12,13,1 10,2,10,14 15,16,16,2 3,3,17,12 17,14,3,16 6,6,4,18 19,20,20,4 5,21,5,8 21,5,18,20 22,22,9,6 7,23,23,19 23,7,7,9 9,8,22,24 25,13,25,10 11,26,26,15 26,11,11,13 13,25,12,27 14,17,14,25 16,15,15,28 28,27,27,17 18,18,21,22 20,19,19,29 29,24,24,21 24,29,29,23 27,28,28,26 
1,1,2,3 0,4,0,5 4,0,6,7 8,9,8,0 2,10,1,11 12,12,13,1 10,2,10,14 15,16,17,2 3,3,18,12 18,19,3,17 6,6,4,20 21,22,23,4 5,24,5,8 24,5,25,22 25,25,24,6 7,26,27,21 27,23,7,24 26,7,22,9 9,8,20,23 20,20,9,25 19,18,19,10 11,28,29,15 29,17,11,13 28,11,16,18 13,14,12,16 14,13,14,19 17,29,15,28 16,15,28,29 23,27,21,26 22,21,26,27 
1,1,2,3 0,4,0,5 4,0,6,7 8,9,10,0 2,11,1,12 13,14,15,1 11,2,11,16 17,18,18,2 3,19,20,13 20,16,3,18 19,3,21,14 6,6,4,19 22,23,23,4 5,21,16,8 16,20,5,10 21,5,19,23 14,13,9,6 7,24,24,22 24,7,7,9 10,15,8,11 9,8,14,25 15,10,13,26 12,27,27,17 27,12,12,15 18,17,17,28 28,26,26,20 29,25,25,21 23,22,22,29 25,29,29,24 26,28,28,27 
1,1,2,3 0,4,0,5 4,0,6,7 8,9,10,0 2,11,1,12 13,14,15,1 11,2,11,16 17,18,19,2 3,20,21,13 21,10,3,19 20,3,9,14 6,6,4,20 22,23,24,4 5,25,16,8 16,15,5,10 25,5,14,23 14,13,25,6 7,26,27,22 27,24,7,25 26,7,23,9 10,21,8,11 9,8,20,24 12,28,29,17 29,19,12,15 28,12,18,21 15,16,13,18 19,29,17,28 18,17,28,29 24,27,22,26 23,22,26,27 
1 triangulations with 31 tetrahedra:
0,0,0,1 2,3,4,0 1,5,6,2 6,7,1,4 5,1,8,3 4,9,2,10 3,2,11,12 11,13,3,14 9,4,13,15 8,16,5,17 12,12,18,5 7,6,16,19 10,20,10,6 16,8,7,16 21,15,19,7 22,17,14,8 13,11,9,13 23,24,15,9 20,10,25,24 26,14,27,11 18,28,12,27 14,26,22,26 15,21,23,23 17,22,29,22 29,27,17,18 28,18,28,28 19,30,21,21 30,19,24,20 25,25,20,25 24,23,30,30 27,29,26,29 
10 triangulations with 32 tetrahedra:
0,1,2,0 2,3,0,4 1,0,5,6 5,7,1,3 8,6,9,1 3,2,7,10 11,12,4,2 7,5,3,9 4,13,11,11 13,4,14,7 10,15,16,5 6,8,17,8 17,18,6,16 9,19,8,13 19,9,18,15 16,20,10,14 15,10,21,12 12,11,22,19 22,14,12,23 14,22,13,17 21,24,15,25 20,16,24,26 18,17,19,27 28,26,25,18 24,21,20,24 29,23,26,20 30,25,23,21 31,27,27,22 23,29,30,31 25,30,28,30 26,28,29,29 27,31,31,28 
0,1,2,0 2,3,0,4 1,0,5,6 5,7,1,8 9,6,10,1 3,2,7,5 11,12,4,2 7,5,3,12 8,13,14,3 4,15,11,11 15,4,16,13 6,9,17,9 17,18,6,7 14,19,8,10 13,8,20,18 10,21,9,22 21,10,18,23 12,11,22,17 22,16,12,14 20,24,13,25 19,14,24,26 16,22,15,27 18,17,21,15 28,26,25,16 24,20,19,24 29,23,26,19 30,25,23,20 31,27,27,21 23,29,30,31 25,30,28,30 26,28,29,29 27,31,31,28 
0,1,2,3 2,4,0,1 1,0,5,6 7,8,9,0 5,10,1,9 4,2,10,11 6,12,13,2 3,14,15,7 15,16,3,13 14,3,17,4 10,5,4,18 19,17,16,5 13,20,6,16 12,6,21,8 9,22,7,19 8,7,23,23 23,11,8,12 22,9,11,24 25,24,24,10 11,23,22,14 21,26,12,21 20,13,26,20 17,19,14,27 16,15,19,15 28,18,18,17 18,28,28,25 26,21,20,29 30,27,27,22 24,25,25,30 31,29,29,26 27,30,30,28 29,31,31,31 
0,1,2,3 2,4,0,2 1,0,5,1 6,3,3,0 5,7,1,8 4,2,7,9 3,6,6,6 7,5,4,10 11,9,12,4 13,14,8,5 15,16,17,7 8,18,13,13 18,8,19,16 9,11,20,11 20,21,9,17 10,17,22,15 22,23,10,12 17,10,15,14 12,24,11,25 24,12,21,26 14,13,25,20 25,19,14,22 16,15,23,21 23,22,16,27 19,25,18,28 21,20,24,18 29,27,27,19 30,26,26,23 31,28,28,24 26,30,30,31 27,29,29,30 28,31,31,29 
0,1,2,3 2,4,0,2 1,0,5,1 6,3,3,0 5,7,1,8 4,2,7,9 3,6,6,6 7,5,4,10 11,9,12,4 13,14,8,5 15,16,17,7 8,18,13,13 18,8,19,16 9,11,20,11 20,21,9,17 10,22,23,15 23,24,10,12 22,10,25,14 12,26,11,27 26,12,21,28 14,13,28,29 28,19,14,30 17,27,15,31 16,15,30,25 30,31,16,26 27,17,31,23 19,28,18,24 25,29,22,18 21,20,26,19 31,30,27,20 24,23,29,21 29,25,24,22 
0,1,2,3 2,4,0,2 1,0,5,1 6,3,3,0 5,7,1,8 4,2,7,9 3,6,6,6 7,5,4,10 11,9,12,4 13,14,8,5 15,16,17,7 8,18,13,13 18,8,19,16 9,11,20,11 20,21,9,17 10,22,23,15 23,24,10,12 22,10,25,14 12,26,11,27 26,12,21,28 14,13,29,30 29,19,14,26 17,28,15,24 16,15,30,31 30,31,16,22 28,17,31,29 19,29,18,21 31,30,28,18 25,27,22,19 21,20,26,25 24,23,27,20 27,25,24,23 
1,0,0,2 0,1,1,3 4,5,6,0 7,8,9,1 2,10,11,7 11,6,2,6 10,2,5,5 3,12,13,4 13,14,3,9 12,3,15,8 6,11,4,16 5,4,10,17 9,18,7,19 8,7,20,21 20,22,8,23 18,9,22,24 17,21,25,10 16,26,19,11 15,27,12,27 21,17,28,12 14,13,27,28 19,29,16,13 27,15,14,30 31,24,29,14 30,25,23,15 26,16,24,26 25,30,17,25 22,20,18,18 29,19,31,20 28,23,21,31 24,31,26,22 23,28,30,29 
1,0,0,2 0,1,1,3 4,5,6,0 7,8,9,1 2,10,11,7 11,6,2,6 10,2,5,5 3,12,13,4 13,14,3,9 12,3,15,8 6,11,4,16 5,4,10,17 9,18,7,19 8,7,20,21 20,22,8,23 18,9,22,24 17,21,25,10 16,26,19,11 15,27,12,28 21,17,29,12 14,13,27,27 19,28,16,13 27,15,14,30 30,24,26,14 31,29,23,15 26,16,30,26 25,23,17,25 22,20,18,20 29,31,21,18 28,19,24,31 23,25,31,22 24,30,28,29 
1,1,1,2 0,0,0,3 4,4,5,0 6,7,6,1 2,8,2,6 8,2,9,7 3,3,10,4 10,11,3,5 5,12,4,13 12,5,12,14 7,6,15,16 15,15,7,17 9,9,8,18 16,16,19,8 20,21,17,9 11,10,11,22 13,23,13,10 24,14,25,11 25,26,24,12 23,13,27,26 14,24,22,25 22,28,14,24 21,20,29,15 19,30,16,29 17,18,20,21 18,17,31,20 31,29,18,19 30,19,30,30 29,31,21,31 28,22,26,23 27,27,23,27 26,25,28,28 
1,1,1,2 0,0,0,3 4,5,6,0 7,8,9,1 2,10,11,7 11,11,2,9 10,2,10,8 3,12,13,4 13,14,3,6 12,3,15,5 6,6,4,16 5,4,5,17 9,18,7,19 8,7,20,21 20,22,8,23 18,9,22,24 21,21,23,10 19,24,19,11 15,25,12,26 17,17,27,12 14,13,25,28 16,29,16,13 25,15,14,25 29,16,28,14 27,26,17,15 22,20,18,22 30,30,24,18 24,19,30,30 31,23,31,20 23,31,21,31 26,27,26,27 28,28,29,29 
2 triangulations with 33 tetrahedra:
0,1,2,3 2,2,0,4 1,0,1,5 6,7,8,0 9,10,7,1 11,12,12,2 3,13,14,6 14,4,3,12 13,3,15,10 4,14,16,11 16,15,4,8 5,17,17,9 17,5,5,7 8,18,6,19 7,6,9,20 18,8,10,21 10,9,18,22 12,11,11,23 15,16,13,24 22,20,25,13 23,23,19,14 26,21,21,15 19,27,23,16 20,22,20,17 28,29,30,18 27,19,27,29 21,26,26,28 25,25,22,30 24,31,32,26 32,32,24,25 31,24,31,27 30,30,28,32 29,28,29,31 
0,1,2,3 2,2,0,4 1,0,1,5 6,7,8,0 9,10,10,1 11,8,12,2 3,13,14,6 14,15,3,12 13,3,5,10 4,16,16,11 16,4,4,8 5,17,13,9 17,5,15,7 8,11,6,18 7,6,19,20 19,12,7,21 10,9,9,22 12,19,11,23 22,20,22,13 15,14,17,24 23,25,18,14 26,21,21,15 18,18,23,16 20,22,27,17 28,29,30,19 27,27,20,30 21,26,26,28 25,23,25,29 24,31,32,26 32,32,24,27 31,24,31,25 30,30,28,32 29,28,29,31 
0 triangulations with 34 tetrahedra:
3 triangulations with 35 tetrahedra:
0,1,2,3 2,2,0,4 1,0,1,5 6,7,7,0 8,9,10,1 11,12,9,2 3,13,13,6 13,3,3,9 4,14,15,11 15,5,4,7 14,4,16,12 5,15,17,8 17,16,5,10 7,6,6,18 10,19,8,20 9,8,11,21 19,10,12,22 12,11,19,23 21,18,18,13 16,17,14,24 23,23,25,14 18,21,21,15 26,22,22,16 20,27,20,17 28,29,30,19 27,20,31,29 22,26,26,28 25,32,23,30 24,33,34,26 34,30,24,25 33,24,29,27 32,25,32,32 31,31,27,31 30,34,28,34 29,28,33,33 
0,1,2,3 2,2,0,4 1,0,1,5 6,7,8,0 9,10,9,1 11,11,12,2 3,13,14,6 14,15,3,12 13,3,16,10 4,4,17,11 17,18,4,8 5,19,5,9 19,5,20,7 8,21,6,21 7,6,22,23 22,24,7,25 21,8,24,17 10,9,26,16 26,26,10,26 12,27,11,24 27,12,27,28 16,23,13,13 15,14,23,29 24,22,21,14 23,16,15,19 30,28,31,15 18,17,18,18 20,20,19,31 32,32,25,20 33,29,29,22 25,34,32,33 34,25,34,27 28,30,28,34 29,33,33,30 31,31,30,32 
0,1,2,3 2,2,0,4 1,0,1,5 6,7,8,0 9,10,9,1 11,11,12,2 3,13,14,6 14,15,3,12 13,3,16,10 4,4,17,11 17,18,4,8 5,19,5,9 19,5,20,7 8,21,6,22 7,6,23,23 23,24,7,19 21,8,24,25 10,9,26,24 26,26,10,27 12,28,11,15 28,12,28,28 16,22,13,29 24,23,21,13 15,14,22,14 22,16,15,17 30,31,27,16 18,17,18,31 32,25,32,18 20,20,19,20 33,29,29,21 25,32,34,33 34,34,25,26 27,27,30,34 29,33,33,30 31,30,31,32 
38 triangulations with 36 tetrahedra:
0,0,0,1 2,3,4,0 1,5,6,2 6,7,1,4 5,1,8,3 4,9,2,10 3,2,11,12 11,13,3,14 9,4,13,15 8,16,5,17 12,12,18,5 7,6,16,19 10,18,10,6 16,8,7,13 20,15,15,7 21,14,14,8 13,11,9,22 23,24,25,9 18,10,12,24 26,27,24,11 14,21,21,26 15,20,20,23 22,28,29,16 17,30,31,21 31,19,17,18 30,17,32,28 19,31,33,20 33,32,19,29 29,29,22,25 28,22,28,27 25,34,23,33 24,23,26,31 34,25,27,32 27,26,34,30 32,33,30,35 35,35,35,34 
0,1,1,2 1,0,0,3 4,5,6,0 7,6,8,1 2,9,10,4 10,11,2,8 9,2,3,6 3,12,9,7 12,3,11,5 6,7,4,13 5,4,14,15 14,8,5,16 8,14,7,17 13,15,17,9 11,10,12,18 17,19,13,10 20,16,16,11 15,13,21,12 22,23,24,14 21,25,15,24 16,20,20,22 19,17,25,23 18,26,27,20 27,28,18,21 26,18,29,19 25,21,19,30 24,31,22,27 23,22,32,26 32,30,23,28 31,24,30,29 33,29,28,25 29,33,26,34 28,27,33,35 30,32,31,33 34,35,35,31 35,34,34,32 
0,1,1,2 1,0,0,3 4,5,6,0 7,8,9,1 2,10,11,4 11,12,2,9 10,2,13,8 3,14,15,7 15,16,3,6 14,3,17,5 6,18,4,19 5,4,20,21 20,22,5,23 18,6,22,24 9,25,7,26 8,7,27,28 27,29,8,30 25,9,29,31 13,32,10,18 28,21,33,10 12,11,32,20 26,33,19,11 32,13,12,29 23,31,31,12 24,30,30,13 17,34,14,25 21,28,35,14 16,15,34,27 19,35,26,15 34,17,16,22 30,24,24,16 31,23,23,17 22,20,18,33 35,19,21,32 29,27,25,35 33,26,28,34 
0,1,1,2 1,0,0,3 4,5,6,0 7,8,9,1 2,10,11,4 11,12,2,9 10,2,13,8 3,14,15,7 15,16,3,6 14,3,17,5 6,18,4,19 5,4,20,21 20,22,5,23 18,6,22,24 9,25,7,26 8,7,27,28 27,29,8,30 25,9,29,31 13,32,10,18 28,21,33,10 12,11,32,25 26,26,19,11 32,13,12,29 31,31,31,12 24,30,30,13 17,34,14,20 21,28,21,14 16,15,34,27 19,35,26,15 34,17,16,22 30,24,24,16 23,23,23,17 22,20,18,33 35,19,35,32 29,27,25,35 33,33,28,34 
0,1,1,2 1,0,0,3 4,5,6,0 7,8,9,1 2,10,11,4 11,12,2,9 10,2,13,8 3,14,15,7 15,16,3,6 14,3,17,5 6,18,4,19 5,4,20,21 20,22,5,23 18,6,22,24 9,25,7,26 8,7,27,28 27,29,8,30 25,9,29,31 13,32,10,20 28,21,21,10 12,11,32,18 26,19,19,11 32,13,12,29 24,31,31,12 23,30,30,13 17,33,14,27 21,28,28,14 16,15,33,25 19,26,26,15 33,17,16,22 31,24,24,16 30,23,23,17 22,20,18,34 29,27,25,35 35,34,34,32 34,35,35,33 
0,1,1,2 1,0,0,3 4,5,6,0 7,8,9,1 2,10,11,4 11,12,2,9 10,2,13,8 3,14,15,7 15,16,3,6 14,3,17,5 6,18,4,19 5,4,20,21 20,22,5,23 18,6,22,24 9,25,7,26 8,7,27,28 27,29,8,30 25,9,29,31 13,32,10,25 28,21,33,10 12,11,32,27 26,33,19,11 32,13,12,29 30,31,31,12 31,30,30,13 17,34,14,18 21,28,35,14 16,15,34,20 19,35,26,15 34,17,16,22 23,24,24,16 24,23,23,17 22,20,18,35 35,19,21,34 29,27,25,33 33,26,28,32 
0,1,2,0 2,3,0,4 1,0,5,6 5,7,1,8 9,6,10,1 3,2,7,11 12,13,4,2 7,5,3,14 15,16,17,3 4,18,12,12 18,4,19,16 20,17,21,5 6,9,22,9 22,23,6,21 24,25,25,7 8,26,27,20 27,28,8,10 26,8,11,25 10,29,9,29 29,10,23,27 11,30,26,15 30,11,28,13 13,12,31,31 31,19,13,30 14,32,32,24 32,14,14,17 17,20,15,33 16,15,34,19 34,21,16,34 19,31,18,18 21,34,20,23 23,22,29,22 25,24,24,35 35,33,33,26 28,27,30,28 33,35,35,32 
0,1,2,0 2,3,0,4 1,0,5,6 5,7,1,8 9,6,10,1 3,2,7,11 12,13,4,2 7,5,3,14 15,16,17,3 4,18,12,12 18,4,19,16 20,21,22,5 6,9,23,9 23,24,6,22 25,26,27,7 8,17,28,20 28,29,8,10 17,8,15,26 10,30,9,30 30,10,24,28 11,31,21,15 21,20,11,27 31,11,32,13 13,12,33,33 33,19,13,31 14,34,35,25 35,27,14,17 34,14,26,21 16,15,29,19 29,28,16,29 19,33,18,18 22,32,20,24 32,22,31,32 24,23,30,23 27,35,25,34 26,25,34,35 
0,1,2,3 2,2,0,4 1,0,1,5 6,6,7,0 8,8,9,1 7,10,6,2 3,5,3,6 5,3,11,8 4,12,4,7 12,4,13,10 11,11,5,9 10,7,10,14 9,15,8,16 15,9,15,17 16,17,16,11 13,13,12,18 14,14,19,12 19,20,14,13 21,21,22,15 17,16,23,21 23,23,17,22 18,24,18,19 24,18,25,20 20,19,20,26 22,27,21,28 27,22,27,29 28,29,28,23 25,25,24,30 26,26,31,24 31,32,26,25 33,33,34,27 29,28,35,33 35,35,29,34 30,34,30,31 34,30,33,32 32,31,32,35 
0,1,2,3 2,2,0,4 1,0,1,5 6,7,6,0 7,6,8,1 9,10,9,2 3,3,4,6 4,11,3,9 11,4,11,10 5,5,12,7 12,13,5,8 8,8,7,14 10,9,15,16 15,15,10,17 16,16,17,11 13,12,13,18 14,19,14,12 19,14,20,13 21,22,21,15 17,23,16,21 23,17,23,22 18,18,24,19 24,25,18,20 20,20,19,26 22,21,27,28 27,27,22,29 28,28,29,23 25,24,25,30 26,31,26,24 31,26,32,25 33,34,33,27 29,35,28,33 35,29,35,34 30,30,34,31 34,33,30,32 32,32,31,35 
0,1,2,3 2,2,0,4 1,0,1,5 6,7,8,0 9,8,10,1 11,12,13,2 3,14,15,6 15,16,3,13 14,3,4,8 4,17,14,11 17,4,16,12 5,18,19,9 19,13,5,10 18,5,12,7 8,9,6,20 7,6,21,22 21,10,7,16 10,21,9,23 13,19,11,24 12,11,18,25 20,22,24,14 16,15,17,26 24,27,20,15 25,25,28,17 22,20,29,18 23,30,23,19 26,31,32,21 29,33,22,32 30,23,34,31 27,24,33,30 28,35,25,29 32,32,26,28 31,26,31,27 33,29,27,34 35,28,35,33 34,34,30,35 
0,1,2,3 2,2,0,4 1,0,1,5 6,7,8,0 9,8,10,1 11,12,13,2 3,14,15,6 15,16,3,13 14,3,4,8 4,17,14,11 17,4,16,12 5,18,19,9 19,20,5,10 18,5,21,7 8,9,6,22 7,6,23,24 23,10,7,25 10,23,9,26 13,27,11,28 12,11,29,30 29,31,12,32 27,13,31,33 22,24,28,14 16,15,17,27 28,28,22,15 33,33,32,16 30,30,34,17 21,35,18,23 24,22,24,18 20,19,35,29 26,34,26,19 35,21,20,31 32,25,33,20 25,32,25,21 34,26,30,35 31,29,27,34 
0,1,2,3 2,2,0,4 1,0,1,5 6,7,8,0 9,8,10,1 11,12,13,2 3,14,15,6 15,16,3,13 14,3,4,8 4,17,14,11 17,4,16,12 5,18,19,9 19,20,5,10 18,5,21,7 8,9,6,22 7,6,23,24 23,10,7,25 10,23,9,26 13,27,11,28 12,11,29,30 29,31,12,32 27,13,31,33 22,24,28,14 16,15,17,27 28,28,22,15 33,33,32,16 30,30,34,17 21,35,18,23 24,22,24,18 20,19,35,31 26,32,26,19 35,21,20,29 34,25,30,20 25,34,25,21 32,26,33,35 31,29,27,34 
0,1,2,3 2,2,0,4 1,0,1,5 6,7,8,0 9,10,11,1 12,13,7,2 3,14,15,6 15,5,3,7 14,3,16,10 4,17,18,12 18,11,4,8 17,4,10,13 5,15,19,9 19,16,5,11 8,20,6,21 7,6,12,22 20,8,13,16 11,18,9,23 10,9,17,24 13,12,20,25 16,19,14,26 24,22,27,14 22,24,21,15 25,25,28,17 21,29,22,18 23,30,23,19 26,31,32,20 29,21,33,31 30,23,34,29 27,33,24,28 28,35,25,32 32,32,26,27 31,26,31,30 33,27,29,35 35,28,35,34 34,34,30,33 
0,1,2,3 2,2,0,4 1,0,1,5 6,7,8,0 9,10,11,1 12,13,7,2 3,14,15,6 15,5,3,7 14,3,16,10 4,17,18,12 18,19,4,8 17,4,20,13 5,15,21,9 21,16,5,11 8,22,6,23 7,6,12,24 22,8,13,25 11,26,9,27 10,9,28,29 28,30,10,31 26,11,30,32 13,12,22,33 16,21,14,28 29,24,29,14 24,29,23,15 31,32,31,16 20,34,17,30 33,33,32,17 19,18,34,22 23,23,24,18 34,20,19,26 25,25,35,19 35,27,25,20 27,35,27,21 30,28,26,35 32,31,33,34 
0,1,2,3 2,4,0,1 1,0,5,6 7,8,9,0 5,10,1,9 4,2,10,11 6,12,13,2 3,14,15,7 15,16,3,13 14,3,17,4 10,5,4,18 19,20,21,5 13,22,6,21 12,6,23,8 9,24,7,19 8,7,25,26 25,27,8,28 24,9,27,29 30,29,20,10 11,26,31,14 31,18,11,20 26,11,32,12 23,33,12,24 22,13,33,34 17,35,14,22 16,15,35,27 21,28,19,15 35,17,16,25 32,34,26,16 34,32,18,17 18,31,34,30 20,19,30,33 28,21,29,35 33,23,22,31 29,30,28,23 27,25,24,32 
0,1,2,3 2,4,0,1 1,0,5,6 7,8,9,0 5,10,1,9 4,2,10,11 6,12,13,2 3,14,15,7 15,16,3,13 14,3,17,4 10,5,4,18 19,20,21,5 13,22,6,21 12,6,23,8 9,24,7,19 8,7,25,26 25,27,8,28 24,9,27,29 30,29,31,10 11,26,32,14 32,21,11,31 26,11,20,12 23,28,12,33 22,13,28,23 17,34,14,24 16,15,34,25 21,32,19,15 34,17,16,35 28,23,22,16 29,30,18,17 18,35,29,30 35,18,33,20 20,19,26,34 33,31,35,22 27,25,24,32 31,33,30,27 
0,1,2,3 2,4,0,2 1,0,5,1 6,3,3,0 5,7,1,8 4,2,7,9 3,6,6,6 7,5,4,10 11,9,12,4 13,14,8,5 15,16,17,7 8,18,13,13 18,8,19,16 9,11,20,11 20,21,9,17 10,22,23,15 23,24,10,12 22,10,25,14 12,26,11,26 26,12,21,23 14,13,27,27 27,19,14,22 17,28,15,21 16,15,29,19 29,30,16,29 28,17,30,28 19,27,18,18 21,20,26,20 25,31,22,25 24,23,31,24 31,25,24,32 30,29,28,33 34,33,33,30 35,32,32,31 32,35,35,35 33,34,34,34 
0,1,2,3 2,4,0,5 1,0,6,2 7,8,9,0 6,10,1,11 5,12,13,1 4,2,10,8 3,14,15,7 15,16,3,6 14,3,17,12 10,6,4,18 19,20,21,4 13,22,5,9 12,5,23,20 9,24,7,25 8,7,26,19 26,27,8,28 24,9,27,29 30,21,28,10 11,31,25,15 25,32,11,13 31,11,18,21 23,33,12,34 22,13,33,26 17,35,14,27 20,19,29,14 16,15,35,23 35,17,16,24 34,18,32,16 32,25,34,17 18,34,31,30 21,30,19,33 29,28,20,35 33,23,22,31 28,29,30,22 27,26,24,32 
0,1,2,3 2,4,0,5 1,0,6,2 7,8,9,0 6,10,1,11 5,12,13,1 4,2,10,8 3,14,15,7 15,16,3,6 14,3,17,12 10,6,4,18 19,20,21,4 13,22,5,9 12,5,23,20 9,24,7,25 8,7,26,19 26,27,8,28 24,9,27,29 30,31,28,10 11,32,25,15 25,21,11,13 32,11,20,31 23,29,12,22 22,13,29,33 17,34,14,24 20,19,32,14 16,15,34,26 34,17,16,35 28,18,30,16 29,23,22,17 18,28,35,30 35,33,18,21 21,25,19,34 33,35,31,23 27,26,24,32 31,30,33,27 
0,1,2,3 2,4,0,5 1,0,6,7 8,8,9,0 6,10,1,11 12,12,13,1 4,2,10,14 9,15,8,2 3,7,3,8 7,3,16,12 10,6,4,17 18,19,20,4 5,21,5,9 21,5,22,19 23,23,24,6 16,16,7,24 15,9,15,25 20,20,18,10 11,17,26,23 26,26,11,13 17,11,17,20 13,27,12,28 27,13,27,29 14,30,14,18 30,14,31,15 32,33,28,16 19,18,19,34 22,22,21,27 34,25,29,21 29,28,34,22 24,35,23,32 35,24,35,33 25,34,33,30 33,32,25,31 28,29,32,26 31,31,30,35 
0,1,2,3 2,4,0,5 1,0,6,7 8,8,9,0 6,10,1,11 12,12,13,1 4,2,10,14 9,15,8,2 3,7,3,8 7,3,16,12 10,6,4,17 18,19,20,4 5,21,5,9 21,5,22,19 23,23,24,6 16,16,7,24 15,9,15,25 20,20,18,10 11,17,26,23 26,26,11,13 17,11,17,20 13,27,12,28 27,13,27,29 14,30,14,18 30,14,31,15 32,33,28,16 19,18,19,34 22,22,21,35 34,25,33,21 33,32,34,22 24,35,23,32 35,24,35,33 25,34,29,30 29,28,25,31 28,29,32,26 31,31,30,27 
0,1,2,3 2,4,0,5 1,0,6,7 8,8,9,0 6,10,1,11 12,12,13,1 4,2,10,14 9,15,8,2 3,7,3,8 7,3,16,12 10,6,4,17 18,19,20,4 5,21,5,9 21,5,22,19 23,24,25,6 16,16,7,25 15,9,15,26 27,28,29,10 11,30,28,23 28,27,11,13 30,11,31,28 13,32,12,30 32,13,32,33 14,34,35,18 35,25,14,29 34,14,24,15 31,29,30,16 17,33,19,27 19,18,17,20 33,17,26,24 20,26,18,21 26,20,33,34 22,22,21,35 29,31,27,22 25,35,23,31 24,23,34,32 
0,1,2,3 2,4,0,5 1,0,6,7 8,9,8,0 6,10,1,11 9,8,12,1 4,2,10,13 14,15,14,2 3,3,5,8 5,16,3,14 10,6,4,17 18,19,18,4 16,5,16,19 20,21,22,6 7,7,23,9 23,24,7,22 12,12,9,25 21,20,21,10 11,11,26,20 26,27,11,12 13,28,17,18 17,17,13,21 28,13,28,15 15,14,29,30 29,29,15,31 32,30,33,16 19,18,34,32 34,34,19,33 22,22,20,35 24,23,24,34 35,33,25,23 33,35,32,24 25,31,35,26 31,25,30,27 27,26,27,29 30,32,31,28 
0,1,2,3 2,4,0,5 1,0,6,7 8,9,8,0 6,10,1,11 9,8,12,1 4,2,10,13 14,15,14,2 3,3,5,8 5,16,3,14 10,6,4,17 18,19,20,4 16,5,16,19 21,22,23,6 7,7,24,9 24,25,7,23 12,12,9,26 27,28,29,10 11,30,31,21 31,20,11,12 30,11,19,28 13,29,32,18 32,33,13,29 29,13,27,15 15,14,34,32 34,34,15,35 33,32,28,16 17,23,35,27 35,26,17,20 23,17,21,22 20,31,18,34 19,18,30,33 22,21,26,24 26,35,22,31 25,24,25,30 28,27,33,25 
0,1,2,3 2,4,0,5 1,0,6,7 8,9,9,0 6,10,1,11 12,13,14,1 4,2,10,15 16,17,13,2 3,18,18,8 18,3,3,13 10,6,4,19 20,21,21,4 5,22,23,16 23,7,5,9 22,5,19,21 24,25,25,6 7,23,26,12 26,19,7,25 9,8,8,27 28,14,17,10 11,29,29,24 29,11,11,14 14,28,12,30 13,12,16,31 15,32,32,20 32,15,15,17 17,16,28,33 31,27,27,18 19,26,22,28 21,20,20,34 34,33,33,22 27,31,31,23 25,24,24,35 35,30,30,26 30,35,35,29 33,34,34,32 
0,1,2,3 2,4,0,5 1,0,6,7 8,9,9,0 6,10,1,11 12,13,14,1 4,2,10,15 16,17,13,2 3,18,18,8 18,3,3,13 10,6,4,19 20,21,22,4 5,23,24,16 24,7,5,9 23,5,25,21 26,27,28,6 7,24,29,12 29,25,7,28 9,8,8,30 25,29,23,10 11,31,32,26 32,28,11,14 31,11,27,29 14,19,12,27 13,12,16,33 19,14,17,25 15,34,35,20 35,22,15,23 34,15,21,17 17,16,19,22 33,30,30,18 22,35,20,34 21,20,34,35 30,33,33,24 28,32,26,31 27,26,31,32 
0,1,2,3 2,4,0,5 1,0,6,7 8,9,10,0 6,11,1,12 13,10,14,1 4,2,11,15 16,17,18,2 3,19,15,8 15,20,3,18 19,3,5,10 11,6,4,19 18,21,16,4 5,22,19,16 22,5,20,21 9,8,23,6 7,12,24,13 24,25,7,23 12,7,26,9 10,13,8,11 23,14,9,27 26,28,12,14 14,23,13,29 20,15,22,17 17,16,30,31 30,32,17,33 21,18,32,34 31,34,35,20 32,30,21,35 34,31,33,22 25,24,28,30 27,35,29,24 28,26,25,32 33,29,34,25 29,33,27,26 35,27,31,28 
0,1,2,3 2,4,0,5 1,0,6,7 8,9,10,0 6,11,1,12 13,10,14,1 4,2,11,15 16,17,18,2 3,19,15,8 15,20,3,18 19,3,5,10 11,6,4,19 18,21,16,4 5,22,19,16 22,5,20,21 9,8,23,6 7,12,24,13 24,25,7,23 12,7,26,9 10,13,8,11 23,14,9,27 26,28,12,14 14,23,13,29 20,15,22,17 17,16,30,31 30,32,17,33 21,18,32,34 31,34,35,20 32,30,21,35 34,31,33,22 25,24,28,32 27,33,29,24 28,26,25,30 35,29,31,25 29,35,27,26 33,27,34,28 
0,1,2,3 2,4,0,5 1,0,6,7 8,9,10,0 6,11,1,12 13,14,15,1 4,2,11,16 17,15,18,2 3,19,20,8 20,12,3,18 19,3,16,14 11,6,4,21 22,23,9,4 5,24,25,17 25,21,5,10 24,5,7,23 26,10,23,6 7,27,24,13 27,7,21,9 10,26,8,28 9,8,22,29 30,18,14,11 12,20,31,26 31,16,12,15 15,17,13,32 14,13,30,33 16,31,19,22 18,30,17,34 33,29,29,19 34,28,28,20 21,25,27,30 23,22,26,35 35,32,32,24 28,34,34,25 29,33,33,27 32,35,35,31 
0,1,2,3 2,4,0,5 1,0,6,7 8,9,10,0 6,11,1,12 13,14,15,1 4,2,11,16 17,18,9,2 3,12,19,8 19,7,3,9 12,3,20,14 11,6,4,19 10,21,8,4 5,22,16,17 16,23,5,10 22,5,24,21 14,13,25,6 7,19,26,13 26,20,7,25 9,8,17,11 21,10,18,27 20,26,12,15 15,28,13,29 25,30,14,31 28,15,30,32 23,16,33,18 18,17,21,34 29,35,31,20 24,33,22,30 27,34,32,22 33,24,23,28 34,27,35,23 35,29,34,24 30,25,28,35 31,32,29,26 32,31,27,33 
1,1,1,2 0,0,0,3 4,5,6,0 7,8,9,1 2,10,11,7 11,12,2,9 10,2,13,8 3,14,15,4 15,16,3,6 14,3,17,5 6,18,4,19 5,4,20,21 20,22,5,23 18,6,22,24 9,25,7,26 8,7,27,28 27,29,8,30 25,9,29,31 13,32,10,25 28,28,33,10 12,11,32,27 26,33,26,11 32,13,12,29 30,31,31,12 31,30,30,13 17,34,14,18 21,21,35,14 16,15,34,20 19,35,19,15 34,17,16,22 23,24,24,16 24,23,23,17 22,20,18,35 35,19,21,34 29,27,25,33 33,26,28,32 
1,1,1,2 0,0,0,3 4,5,6,0 7,8,9,1 2,10,11,7 11,12,2,9 10,2,13,8 3,14,15,4 15,16,3,6 14,3,17,5 6,18,4,19 5,4,20,21 20,22,5,23 18,6,22,24 9,25,7,26 8,7,27,28 27,29,8,30 25,9,29,31 13,32,10,27 28,28,28,10 12,11,32,25 26,26,26,11 32,13,12,29 31,31,31,12 30,30,30,13 17,33,14,20 21,21,21,14 16,15,33,18 19,19,19,15 33,17,16,22 24,24,24,16 23,23,23,17 22,20,18,34 29,27,25,35 35,35,35,32 34,34,34,33 
1,1,2,3 0,4,0,5 4,0,6,7 8,8,9,0 2,10,1,11 12,13,14,1 10,2,10,15 14,14,12,2 3,16,3,12 16,3,17,13 6,6,4,18 19,19,20,4 5,7,21,8 21,21,5,9 7,5,7,19 20,22,19,6 9,23,8,24 23,9,23,25 26,26,27,10 11,15,11,14 15,11,28,26 13,12,13,29 28,28,15,27 17,17,16,30 29,29,31,16 31,32,29,17 18,33,18,20 33,18,34,22 22,20,22,35 24,25,24,21 34,34,33,23 25,24,35,34 35,35,25,33 27,30,26,32 30,27,30,31 32,31,32,28 
1,1,2,3 0,4,0,5 4,0,6,7 8,8,9,0 2,10,1,11 12,13,14,1 10,2,10,15 14,16,12,2 3,17,3,12 17,3,18,13 6,6,4,19 20,20,21,4 5,7,16,8 16,14,5,9 7,5,13,20 22,23,24,6 13,12,7,24 9,25,8,26 25,9,25,27 28,29,30,10 11,27,11,14 27,11,31,29 15,26,32,28 32,32,15,30 26,15,26,16 18,18,17,33 24,24,22,17 21,34,20,18 19,35,33,22 33,30,19,21 35,19,29,23 34,21,34,32 23,22,23,31 29,28,35,25 31,31,27,35 30,33,28,34 
1,1,2,3 0,4,0,5 4,0,6,7 8,9,9,0 2,10,1,11 12,13,14,1 10,2,10,15 16,17,13,2 3,18,18,12 18,3,3,13 6,6,4,19 20,21,21,4 5,22,23,8 23,7,5,9 22,5,19,21 24,25,25,6 7,23,26,20 26,19,7,25 9,8,8,27 28,14,17,10 11,29,29,16 29,11,11,14 14,28,12,30 13,12,16,31 15,32,32,28 32,15,15,17 17,16,28,33 31,31,30,18 19,26,22,24 21,20,20,34 34,27,35,22 27,34,27,23 25,24,24,35 35,35,34,26 30,33,31,29 33,30,33,32 
1,1,2,3 0,4,0,5 4,0,6,7 8,9,10,0 2,11,1,12 13,14,15,1 11,2,11,16 9,8,17,2 3,18,7,13 7,12,3,17 18,3,19,14 6,6,4,20 17,21,9,4 5,16,22,8 22,23,5,10 16,5,24,21 15,25,13,6 12,7,20,9 10,26,8,27 26,10,21,28 21,17,26,11 20,19,12,15 14,13,29,30 29,31,14,32 25,15,31,33 24,34,16,26 19,20,18,25 30,30,35,18 33,33,32,19 23,22,34,31 27,32,27,22 34,24,23,29 35,28,30,23 28,35,28,24 31,29,25,35 32,27,33,34 
1,2,3,4 0,4,5,6 5,7,0,8 4,0,9,10 3,11,1,0 2,1,12,13 10,14,8,1 12,15,2,16 17,6,14,2 11,3,15,18 6,17,19,3 9,20,4,19 7,5,20,21 22,23,24,5 19,8,6,24 20,9,7,25 26,24,27,7 8,19,10,22 24,26,22,9 14,10,17,11 15,12,11,28 29,30,31,12 13,18,28,17 28,32,13,31 18,13,16,14 31,33,29,15 16,34,18,29 34,16,32,33 23,22,35,20 21,25,33,26 33,31,21,35 25,21,30,23 35,27,23,34 30,29,25,27 27,35,26,32 32,28,34,30 
============================================================================
                               JOB STATISTICS                              
============================================================================
      SubmitTime: 2021-08-04T12:38:53
         EndTime: 2021-08-10T12:38:54
         RunTime: 3-15:36:43
           JobId: 3825805
            TRES: cpu=1,mem=4018M,node=1
       Partition: smp
        NodeList: smp-n113
         Command: /ihome/jdeblois/tag74/o3enumerate.slurm
          StdOut: /ihome/jdeblois/tag74/o3enumerate.out
More information:
    - `sacct -M smp -j 3825805 -S 2021-08-04T12:38:53 -E 2021-08-10T12:38:54`
   Print control:
    - List of all possible fields: `sacct --helpformat`
    - Add `--format=<field1,field2,etc>` with fields of interest
============================================================================
