(20, 8) = [0, 1, 2, 3, 2, 4, 0, 2, 1, 0, 5, 1, 6, 3, 3, 0, 5, 7, 1, 8, 4, 2, 7, 9, 3, 6, 6, 6, 7, 5, 4, 10, 11, 9, 12, 4, 13, 14, 8, 5, 15, 16, 17, 7, 8, 18, 13, 13, 18, 8, 19, 16, 9, 11, 16, 11, 16, 15, 9, 17, 10, 19, 14, 15, 14, 13, 10, 12, 19, 10, 18, 14, 12, 17, 11, 19, 17, 12, 15, 18]
 
(40, 25) = [1, 2, 2, 2, 0, 3, 3, 4, 3, 0, 0, 0, 2, 1, 1, 5, 5, 6, 7, 1, 4, 8, 9, 3, 9, 10, 4, 9, 8, 4, 11, 8, 7, 12, 5, 7, 6, 5, 13, 6, 13, 14, 6, 15, 12, 7, 14, 16, 11, 17, 8, 18, 10, 9, 17, 19, 17, 11, 10, 20, 21, 19, 22, 10, 23, 24, 18, 11, 14, 13, 12, 25, 26, 16, 27, 12, 28, 29, 15, 13, 30, 31, 32, 14, 15, 33, 28, 28, 33, 15, 34, 31, 16, 26, 31, 26, 31, 30, 16, 32, 35, 36, 37, 17, 18, 38, 23, 23, 38, 18, 39, 36, 19, 21, 36, 21, 36, 35, 19, 37, 20, 39, 24, 35, 24, 23, 20, 22, 39, 20, 38, 24, 22, 37, 21, 39, 37, 22, 35, 38, 25, 34, 29, 30, 29, 28, 25, 27, 34, 25, 33, 29, 27, 32, 26, 34, 32, 27, 30, 33]
 
(60, 129) = [0, 1, 2, 3, 2, 4, 0, 2, 1, 0, 5, 1, 6, 3, 3, 0, 5, 7, 1, 8, 4, 2, 7, 9, 3, 6, 6, 6, 7, 5, 4, 10, 11, 9, 12, 4, 13, 14, 8, 5, 15, 16, 17, 7, 8, 18, 13, 13, 18, 8, 19, 16, 9, 11, 20, 11, 20, 21, 9, 17, 10, 22, 23, 15, 23, 24, 10, 12, 22, 10, 25, 14, 12, 26, 11, 27, 26, 12, 21, 25, 14, 13, 28, 29, 28, 19, 14, 21, 17, 30, 15, 31, 16, 15, 32, 33, 32, 34, 16, 34, 30, 17, 34, 19, 19, 28, 18, 35, 33, 29, 36, 18, 21, 20, 26, 37, 31, 38, 27, 20, 25, 39, 22, 40, 29, 33, 41, 22, 24, 23, 39, 42, 27, 43, 31, 23, 39, 25, 24, 24, 40, 36, 44, 26, 43, 27, 35, 36, 37, 45, 46, 28, 41, 44, 29, 46, 34, 32, 30, 47, 35, 48, 43, 30, 38, 31, 48, 48, 47, 49, 50, 32, 36, 40, 33, 50, 48, 35, 38, 45, 46, 51, 37, 44, 45, 37, 52, 38, 42, 50, 53, 39, 44, 41, 40, 41, 53, 54, 42, 53, 50, 42, 47, 43, 52, 55, 45, 52, 51, 46, 55, 51, 49, 47, 54, 49, 54, 53, 49, 56, 55, 52, 51, 57, 58, 56, 56, 54, 59, 57, 57, 55, 56, 58, 58, 58, 57, 59, 59, 59]
 
(60, 146) = [0, 1, 2, 3, 2, 4, 0, 5, 1, 0, 6, 7, 8, 9, 9, 0, 6, 10, 1, 11, 12, 13, 14, 1, 4, 2, 10, 15, 16, 17, 13, 2, 3, 18, 18, 8, 18, 3, 3, 13, 10, 6, 4, 19, 20, 21, 22, 4, 5, 23, 24, 16, 24, 7, 5, 9, 23, 5, 25, 21, 26, 27, 28, 6, 7, 24, 29, 12, 29, 25, 7, 28, 9, 8, 8, 30, 31, 32, 33, 10, 11, 34, 35, 26, 35, 36, 11, 14, 34, 11, 37, 32, 14, 38, 12, 39, 13, 12, 16, 40, 38, 14, 17, 41, 15, 42, 43, 20, 43, 44, 15, 33, 42, 15, 45, 17, 17, 16, 38, 46, 40, 30, 30, 18, 19, 37, 36, 31, 36, 35, 19, 22, 37, 19, 34, 27, 22, 33, 20, 47, 21, 20, 32, 48, 32, 31, 21, 49, 33, 22, 31, 50, 25, 29, 23, 51, 48, 46, 52, 23, 30, 40, 40, 24, 53, 54, 49, 25, 28, 55, 26, 56, 27, 26, 51, 52, 51, 57, 27, 53, 55, 28, 57, 54, 56, 58, 39, 29, 49, 52, 53, 34, 39, 50, 56, 35, 47, 41, 50, 36, 52, 49, 48, 37, 44, 43, 59, 38, 50, 39, 47, 43, 41, 47, 58, 44, 58, 56, 41, 45, 45, 59, 42, 57, 46, 48, 54, 42, 59, 45, 44, 55, 54, 53, 46, 59, 57, 51, 55, 58]
 
(80, 138) = [0, 1, 2, 3, 2, 4, 0, 2, 1, 0, 5, 1, 6, 3, 3, 0, 5, 7, 1, 8, 4, 2, 7, 9, 3, 6, 6, 6, 7, 5, 4, 10, 11, 9, 12, 4, 13, 14, 8, 5, 15, 16, 17, 7, 8, 18, 13, 13, 18, 8, 19, 16, 9, 11, 20, 11, 20, 21, 9, 17, 10, 22, 23, 15, 23, 24, 10, 12, 22, 10, 25, 14, 12, 26, 11, 27, 26, 12, 21, 28, 14, 13, 29, 30, 29, 19, 14, 31, 17, 32, 15, 33, 16, 15, 34, 35, 34, 36, 16, 37, 32, 17, 36, 38, 19, 29, 18, 39, 35, 30, 40, 18, 41, 42, 37, 19, 21, 20, 26, 43, 33, 44, 27, 20, 45, 38, 46, 21, 25, 47, 22, 48, 30, 35, 49, 22, 24, 23, 47, 50, 27, 51, 33, 23, 47, 25, 24, 52, 53, 28, 54, 24, 42, 41, 31, 25, 55, 40, 56, 26, 51, 27, 39, 40, 28, 53, 38, 55, 38, 45, 28, 46, 57, 58, 59, 29, 49, 56, 30, 59, 31, 48, 42, 57, 48, 31, 60, 42, 36, 34, 32, 61, 46, 54, 45, 32, 44, 33, 52, 54, 62, 63, 64, 34, 40, 55, 35, 64, 56, 49, 55, 36, 37, 60, 41, 62, 60, 37, 48, 49, 39, 52, 51, 41, 52, 39, 44, 58, 43, 65, 61, 45, 61, 66, 43, 56, 65, 43, 67, 44, 54, 46, 53, 65, 58, 57, 68, 47, 50, 64, 69, 53, 69, 70, 50, 68, 64, 50, 62, 51, 59, 71, 57, 60, 68, 72, 58, 67, 71, 59, 72, 66, 66, 61, 73, 63, 63, 62, 70, 71, 70, 69, 63, 74, 67, 73, 65, 69, 73, 67, 66, 75, 72, 68, 71, 76, 77, 76, 76, 70, 78, 75, 75, 72, 79, 74, 74, 73, 74, 79, 79, 77, 75, 78, 78, 79, 76, 77, 77, 78]
 
