(20, 7) = [0, 1, 2, 3, 2, 4, 0, 2, 1, 0, 5, 1, 6, 3, 3, 0, 5, 7, 1, 8, 4, 2, 7, 9, 3, 6, 6, 6, 7, 5, 4, 10, 11, 9, 12, 4, 13, 14, 8, 5, 15, 16, 17, 7, 8, 17, 13, 13, 17, 8, 15, 16, 9, 11, 18, 11, 18, 19, 9, 17, 10, 12, 19, 15, 19, 18, 10, 12, 12, 10, 11, 14, 14, 13, 16, 19, 16, 15, 14, 18]
 
(40, 24) = [1, 2, 2, 2, 0, 3, 3, 4, 3, 0, 0, 0, 2, 1, 1, 5, 5, 6, 7, 1, 4, 8, 9, 3, 9, 10, 4, 9, 8, 4, 11, 8, 7, 12, 5, 7, 6, 5, 13, 6, 13, 14, 6, 15, 12, 7, 14, 16, 11, 17, 8, 18, 10, 9, 17, 19, 17, 11, 10, 20, 21, 19, 22, 10, 23, 24, 18, 11, 14, 13, 12, 25, 26, 16, 27, 12, 28, 29, 15, 13, 30, 31, 32, 14, 15, 32, 28, 28, 32, 15, 30, 31, 16, 26, 33, 26, 33, 34, 16, 32, 35, 36, 37, 17, 18, 37, 23, 23, 37, 18, 35, 36, 19, 21, 38, 21, 38, 39, 19, 37, 20, 22, 39, 35, 39, 38, 20, 22, 22, 20, 21, 24, 24, 23, 36, 39, 36, 35, 24, 38, 25, 27, 34, 30, 34, 33, 25, 27, 27, 25, 26, 29, 29, 28, 31, 34, 31, 30, 29, 33]
 
(60, 128) = [0, 1, 2, 3, 2, 4, 0, 2, 1, 0, 5, 1, 6, 3, 3, 0, 5, 7, 1, 8, 4, 2, 7, 9, 3, 6, 6, 6, 7, 5, 4, 10, 11, 9, 12, 4, 13, 14, 8, 5, 15, 16, 17, 7, 8, 18, 13, 13, 18, 8, 19, 16, 9, 11, 20, 11, 20, 21, 9, 17, 10, 22, 23, 15, 23, 24, 10, 12, 22, 10, 25, 14, 12, 26, 11, 27, 26, 12, 21, 19, 14, 13, 28, 29, 28, 19, 14, 24, 17, 30, 15, 31, 16, 15, 32, 33, 32, 34, 16, 21, 30, 17, 34, 34, 19, 28, 18, 35, 33, 29, 36, 18, 21, 20, 26, 37, 31, 38, 27, 20, 25, 39, 22, 40, 29, 33, 41, 22, 24, 23, 39, 42, 27, 43, 31, 23, 39, 25, 24, 25, 35, 44, 45, 26, 43, 27, 46, 44, 42, 46, 38, 28, 41, 37, 29, 38, 34, 32, 30, 47, 47, 48, 49, 30, 38, 31, 42, 48, 37, 41, 50, 32, 36, 50, 33, 50, 45, 51, 35, 36, 44, 35, 52, 46, 50, 36, 37, 45, 40, 53, 48, 39, 48, 47, 40, 41, 53, 40, 54, 53, 46, 42, 43, 43, 52, 55, 44, 52, 51, 45, 55, 51, 49, 54, 47, 49, 54, 49, 53, 56, 55, 52, 51, 57, 58, 56, 56, 54, 59, 57, 57, 55, 56, 58, 58, 58, 57, 59, 59, 59]
 
(60, 147) = [0, 1, 2, 3, 2, 4, 0, 5, 1, 0, 6, 7, 8, 9, 9, 0, 6, 10, 1, 11, 12, 13, 14, 1, 4, 2, 10, 15, 16, 17, 13, 2, 3, 18, 18, 8, 18, 3, 3, 13, 10, 6, 4, 19, 20, 21, 22, 4, 5, 23, 24, 16, 24, 7, 5, 9, 23, 5, 25, 21, 26, 27, 28, 6, 7, 24, 29, 12, 29, 25, 7, 28, 9, 8, 8, 30, 31, 32, 33, 10, 11, 34, 35, 26, 35, 36, 11, 14, 34, 11, 37, 32, 14, 38, 12, 39, 13, 12, 16, 40, 38, 14, 17, 41, 15, 42, 43, 20, 43, 44, 15, 33, 42, 15, 45, 17, 17, 16, 38, 46, 40, 30, 30, 18, 19, 45, 44, 31, 44, 43, 19, 22, 45, 19, 42, 27, 22, 47, 20, 48, 21, 20, 49, 50, 49, 51, 21, 52, 47, 22, 51, 53, 25, 29, 23, 47, 50, 46, 54, 23, 30, 40, 40, 24, 53, 55, 52, 25, 28, 33, 26, 56, 27, 26, 32, 57, 32, 31, 27, 58, 33, 28, 31, 55, 56, 48, 39, 29, 37, 59, 34, 38, 58, 57, 46, 34, 36, 35, 59, 51, 39, 52, 56, 35, 59, 37, 36, 49, 54, 41, 50, 36, 41, 54, 57, 37, 52, 39, 53, 59, 57, 58, 41, 45, 46, 50, 58, 42, 55, 53, 48, 43, 48, 56, 55, 44, 51, 49, 47, 54]
 
(80, 137) = [0, 1, 2, 3, 2, 4, 0, 2, 1, 0, 5, 1, 6, 3, 3, 0, 5, 7, 1, 8, 4, 2, 7, 9, 3, 6, 6, 6, 7, 5, 4, 10, 11, 9, 12, 4, 13, 14, 8, 5, 15, 16, 17, 7, 8, 18, 13, 13, 18, 8, 19, 16, 9, 11, 20, 11, 20, 21, 9, 17, 10, 22, 23, 15, 23, 24, 10, 12, 22, 10, 25, 14, 12, 26, 11, 27, 26, 12, 21, 28, 14, 13, 29, 30, 29, 19, 14, 31, 17, 32, 15, 33, 16, 15, 34, 35, 34, 36, 16, 37, 32, 17, 36, 38, 19, 29, 18, 39, 35, 30, 40, 18, 41, 42, 37, 19, 21, 20, 26, 43, 33, 44, 27, 20, 45, 38, 46, 21, 25, 47, 22, 48, 30, 35, 49, 22, 24, 23, 47, 50, 27, 51, 33, 23, 47, 25, 24, 52, 46, 28, 45, 24, 53, 54, 31, 25, 55, 56, 57, 26, 51, 27, 58, 56, 28, 46, 50, 55, 50, 59, 28, 46, 60, 58, 44, 29, 49, 43, 30, 44, 31, 37, 53, 60, 37, 31, 41, 42, 36, 34, 32, 61, 62, 63, 64, 32, 44, 33, 60, 63, 42, 41, 54, 34, 40, 52, 35, 54, 58, 60, 51, 36, 38, 45, 59, 62, 59, 50, 38, 51, 39, 61, 65, 41, 65, 66, 39, 40, 61, 39, 67, 58, 52, 40, 43, 57, 54, 53, 42, 65, 43, 49, 52, 45, 57, 68, 55, 47, 48, 69, 63, 53, 63, 62, 48, 49, 69, 48, 70, 68, 56, 55, 71, 59, 71, 72, 56, 67, 68, 57, 72, 66, 67, 73, 61, 64, 64, 70, 62, 71, 70, 64, 69, 74, 66, 65, 73, 69, 73, 67, 66, 75, 72, 71, 68, 76, 77, 76, 76, 70, 78, 75, 75, 72, 79, 74, 74, 73, 74, 79, 79, 77, 75, 78, 78, 79, 76, 77, 77, 78]
 
