(8, 0) = [0, 1, 2, 1, 2, 3, 0, 0, 1, 0, 4, 2, 4, 5, 1, 4, 3, 2, 5, 3, 5, 4, 3, 6, 7, 6, 6, 5, 6, 7, 7, 7]
 
(16, 0) = [1, 2, 2, 2, 0, 3, 3, 4, 3, 0, 0, 0, 2, 1, 1, 5, 5, 6, 7, 1, 4, 8, 9, 3, 9, 10, 4, 9, 8, 4, 11, 8, 7, 12, 5, 7, 6, 5, 13, 6, 13, 14, 6, 12, 12, 7, 14, 14, 11, 15, 8, 10, 10, 9, 15, 15, 15, 11, 10, 11, 14, 13, 12, 13]
 
(24, 5) = [0, 1, 2, 3, 2, 4, 0, 5, 1, 0, 6, 2, 7, 8, 9, 0, 6, 10, 1, 11, 5, 12, 13, 1, 4, 2, 10, 8, 3, 9, 14, 7, 14, 15, 3, 6, 9, 3, 7, 12, 10, 6, 4, 16, 17, 13, 18, 4, 13, 17, 5, 9, 12, 5, 11, 13, 8, 7, 15, 17, 15, 14, 8, 19, 20, 21, 19, 10, 11, 18, 12, 14, 18, 11, 17, 21, 22, 16, 21, 15, 16, 22, 23, 20, 23, 19, 16, 18, 19, 23, 20, 22, 21, 20, 22, 23]
 
(24, 6) = [0, 1, 2, 3, 2, 4, 0, 5, 1, 0, 6, 7, 8, 9, 9, 0, 6, 10, 1, 11, 12, 13, 14, 1, 4, 2, 10, 15, 16, 17, 13, 2, 3, 18, 18, 8, 18, 3, 3, 13, 10, 6, 4, 19, 14, 20, 12, 4, 5, 11, 21, 16, 21, 7, 5, 9, 11, 5, 15, 20, 20, 14, 17, 6, 7, 21, 19, 12, 19, 15, 7, 17, 9, 8, 8, 22, 17, 16, 20, 10, 15, 19, 11, 14, 13, 12, 16, 23, 23, 22, 22, 18, 22, 23, 23, 21]
 
(32, 3) = [0, 1, 2, 3, 2, 4, 0, 2, 1, 0, 5, 1, 6, 3, 3, 0, 5, 7, 1, 8, 4, 2, 7, 9, 3, 6, 6, 6, 7, 5, 4, 10, 11, 9, 12, 4, 13, 14, 8, 5, 15, 16, 17, 7, 8, 18, 13, 13, 18, 8, 19, 16, 9, 11, 20, 11, 20, 21, 9, 17, 10, 17, 22, 15, 22, 23, 10, 12, 17, 10, 15, 14, 12, 24, 11, 25, 24, 12, 21, 26, 14, 13, 25, 20, 25, 19, 14, 22, 16, 15, 23, 21, 23, 22, 16, 27, 19, 25, 18, 28, 21, 20, 24, 18, 29, 27, 27, 19, 30, 26, 26, 23, 31, 28, 28, 24, 26, 30, 30, 31, 27, 29, 29, 30, 28, 31, 31, 29]
 
(32, 7) = [1, 0, 0, 2, 0, 1, 1, 3, 4, 5, 6, 0, 7, 8, 9, 1, 2, 10, 11, 7, 11, 6, 2, 6, 10, 2, 5, 5, 3, 12, 13, 4, 13, 14, 3, 9, 12, 3, 15, 8, 6, 11, 4, 16, 5, 4, 10, 17, 9, 18, 7, 19, 8, 7, 20, 21, 20, 22, 8, 23, 18, 9, 22, 24, 17, 21, 25, 10, 16, 26, 19, 11, 15, 27, 12, 28, 21, 17, 29, 12, 14, 13, 27, 27, 19, 28, 16, 13, 27, 15, 14, 30, 30, 24, 26, 14, 31, 29, 23, 15, 26, 16, 30, 26, 25, 23, 17, 25, 22, 20, 18, 20, 29, 31, 21, 18, 28, 19, 24, 31, 23, 25, 31, 22, 24, 30, 28, 29]
 
(40, 15) = [0, 1, 2, 3, 2, 4, 0, 2, 1, 0, 5, 1, 6, 3, 3, 0, 5, 7, 1, 8, 4, 2, 7, 9, 3, 6, 6, 6, 7, 5, 4, 10, 11, 9, 12, 4, 13, 14, 8, 5, 15, 16, 17, 7, 8, 18, 13, 13, 18, 8, 19, 16, 9, 11, 20, 11, 20, 21, 9, 17, 10, 22, 23, 15, 23, 24, 10, 12, 22, 10, 25, 14, 12, 26, 11, 27, 26, 12, 21, 28, 14, 13, 29, 25, 29, 19, 14, 29, 17, 30, 15, 30, 16, 15, 31, 32, 31, 27, 16, 33, 30, 17, 27, 20, 19, 29, 18, 34, 32, 25, 24, 18, 35, 34, 33, 19, 21, 20, 26, 21, 25, 32, 22, 22, 24, 23, 32, 36, 27, 31, 30, 23, 37, 28, 34, 24, 38, 33, 28, 26, 28, 37, 38, 38, 39, 36, 36, 31, 33, 38, 35, 39, 34, 35, 37, 35, 36, 39, 39, 37]
 
(48, 18) = [0, 1, 2, 3, 2, 4, 0, 5, 1, 0, 6, 2, 7, 8, 9, 0, 6, 10, 1, 11, 5, 12, 13, 1, 4, 2, 10, 8, 3, 14, 15, 7, 15, 16, 3, 6, 14, 3, 17, 12, 10, 6, 4, 18, 19, 20, 21, 4, 13, 22, 5, 9, 12, 5, 23, 20, 9, 24, 7, 25, 8, 7, 26, 19, 26, 27, 8, 28, 24, 9, 27, 17, 29, 30, 28, 10, 11, 21, 25, 15, 25, 31, 11, 13, 21, 11, 19, 30, 23, 32, 12, 27, 22, 13, 32, 33, 17, 34, 14, 35, 20, 19, 31, 14, 16, 15, 34, 36, 34, 17, 16, 22, 37, 18, 38, 16, 18, 37, 39, 29, 39, 36, 18, 21, 31, 25, 20, 40, 32, 23, 22, 38, 41, 42, 40, 23, 27, 26, 24, 41, 35, 40, 43, 24, 44, 45, 30, 26, 28, 46, 29, 44, 46, 28, 45, 32, 30, 29, 44, 39, 43, 33, 35, 31, 33, 43, 42, 34, 42, 41, 33, 45, 40, 35, 41, 43, 36, 39, 47, 37, 47, 38, 36, 42, 38, 47, 37, 46, 45, 44, 46, 47]
 
(48, 21) = [0, 1, 2, 3, 2, 4, 0, 5, 1, 0, 6, 2, 7, 8, 9, 0, 6, 10, 1, 11, 5, 12, 13, 1, 4, 2, 10, 8, 3, 14, 15, 7, 15, 16, 3, 6, 14, 3, 17, 12, 10, 6, 4, 18, 19, 20, 21, 4, 13, 22, 5, 9, 12, 5, 23, 20, 9, 24, 7, 25, 8, 7, 26, 19, 26, 27, 8, 28, 24, 9, 27, 29, 30, 31, 28, 10, 11, 32, 25, 15, 25, 33, 11, 13, 32, 11, 34, 31, 23, 35, 12, 36, 22, 13, 35, 37, 17, 37, 14, 33, 20, 19, 38, 14, 16, 15, 37, 39, 37, 17, 16, 34, 40, 18, 31, 16, 41, 38, 36, 17, 18, 40, 42, 30, 42, 28, 18, 21, 21, 36, 19, 43, 38, 41, 20, 24, 36, 21, 41, 27, 35, 23, 22, 44, 34, 29, 32, 22, 27, 26, 24, 23, 33, 25, 29, 41, 45, 44, 43, 26, 28, 42, 30, 45, 29, 34, 33, 38, 31, 30, 40, 46, 46, 39, 44, 32, 47, 43, 39, 35, 39, 46, 47, 40, 43, 47, 45, 42, 44, 45, 46, 47]
 
(48, 27) = [0, 1, 2, 3, 2, 4, 0, 5, 1, 0, 6, 7, 8, 9, 9, 0, 6, 10, 1, 11, 12, 13, 14, 1, 4, 2, 10, 15, 16, 17, 13, 2, 3, 18, 18, 8, 18, 3, 3, 13, 10, 6, 4, 19, 20, 21, 22, 4, 5, 23, 24, 16, 24, 7, 5, 9, 23, 5, 15, 21, 25, 14, 17, 6, 7, 24, 26, 12, 26, 15, 7, 17, 9, 8, 8, 27, 28, 29, 21, 10, 11, 30, 31, 25, 31, 19, 11, 14, 30, 11, 32, 29, 14, 25, 12, 33, 13, 12, 16, 34, 15, 26, 23, 20, 17, 16, 25, 35, 34, 27, 27, 18, 19, 31, 36, 28, 36, 32, 19, 22, 22, 37, 20, 38, 21, 20, 28, 39, 37, 22, 29, 40, 39, 35, 38, 23, 27, 34, 34, 24, 35, 39, 33, 26, 29, 28, 37, 41, 32, 36, 30, 42, 41, 33, 43, 30, 33, 41, 35, 31, 44, 40, 40, 32, 38, 43, 39, 36, 45, 46, 46, 37, 43, 38, 41, 46, 40, 44, 44, 45, 42, 47, 47, 44, 47, 42, 42, 43, 46, 45, 45, 47]
 
(48, 35) = [0, 1, 2, 3, 2, 4, 0, 5, 1, 0, 6, 7, 8, 9, 10, 0, 6, 11, 1, 12, 13, 14, 15, 1, 4, 2, 11, 16, 17, 18, 19, 2, 3, 20, 21, 8, 21, 10, 3, 19, 20, 3, 9, 14, 11, 6, 4, 22, 23, 24, 25, 4, 5, 26, 27, 17, 27, 28, 5, 10, 26, 5, 29, 24, 30, 31, 32, 6, 7, 33, 31, 13, 31, 30, 7, 32, 33, 7, 34, 9, 10, 21, 8, 35, 9, 8, 20, 36, 37, 38, 39, 11, 12, 40, 24, 30, 24, 23, 12, 15, 40, 12, 41, 38, 15, 39, 13, 26, 14, 13, 38, 42, 38, 37, 14, 34, 39, 15, 37, 43, 16, 43, 18, 23, 18, 17, 16, 39, 43, 16, 44, 18, 19, 44, 17, 45, 44, 19, 43, 28, 42, 36, 46, 20, 45, 46, 35, 21, 22, 29, 28, 37, 28, 27, 22, 25, 29, 22, 26, 31, 25, 41, 23, 44, 41, 25, 40, 47, 35, 47, 45, 27, 32, 34, 30, 29, 34, 32, 33, 40, 36, 42, 47, 33, 47, 35, 36, 46, 46, 45, 42, 41]
 
(48, 47) = [1, 2, 2, 3, 0, 4, 4, 5, 4, 0, 0, 6, 7, 8, 8, 0, 2, 1, 1, 9, 10, 11, 12, 1, 13, 14, 14, 2, 3, 15, 15, 10, 15, 3, 3, 14, 16, 17, 18, 4, 5, 19, 20, 7, 20, 21, 5, 18, 19, 5, 22, 17, 6, 23, 23, 16, 23, 6, 6, 8, 8, 7, 7, 24, 9, 25, 26, 13, 26, 27, 9, 12, 25, 9, 28, 11, 12, 29, 10, 30, 11, 10, 31, 32, 31, 33, 11, 34, 29, 12, 33, 35, 14, 13, 13, 36, 36, 32, 30, 15, 18, 34, 16, 37, 17, 16, 38, 39, 38, 40, 17, 41, 34, 18, 40, 42, 22, 43, 19, 44, 39, 24, 45, 19, 21, 20, 43, 40, 37, 41, 24, 20, 43, 22, 21, 46, 28, 42, 25, 21, 47, 45, 41, 22, 24, 39, 37, 23, 32, 36, 46, 25, 27, 26, 42, 43, 30, 44, 36, 26, 42, 28, 27, 31, 46, 35, 32, 27, 40, 38, 34, 28, 33, 31, 29, 38, 45, 47, 39, 29, 44, 30, 35, 47, 41, 37, 47, 33, 35, 46, 44, 45]
 
(48, 49) = [1, 2, 2, 3, 0, 4, 4, 5, 4, 0, 0, 6, 7, 8, 8, 0, 2, 1, 1, 9, 10, 11, 12, 1, 13, 14, 14, 2, 3, 15, 15, 10, 15, 3, 3, 14, 16, 17, 18, 4, 5, 19, 20, 7, 20, 21, 5, 18, 19, 5, 22, 17, 6, 23, 23, 16, 23, 6, 6, 8, 8, 7, 7, 24, 9, 25, 26, 13, 26, 27, 9, 12, 25, 9, 28, 11, 12, 29, 10, 30, 11, 10, 31, 32, 31, 33, 11, 34, 29, 12, 33, 35, 14, 13, 13, 36, 36, 32, 30, 15, 18, 37, 16, 38, 17, 16, 39, 40, 39, 41, 17, 42, 37, 18, 41, 43, 22, 44, 19, 37, 40, 24, 45, 19, 21, 20, 44, 41, 38, 42, 24, 20, 44, 22, 21, 39, 45, 43, 40, 21, 43, 45, 42, 22, 24, 40, 38, 23, 28, 46, 25, 29, 32, 36, 47, 25, 27, 26, 46, 33, 30, 34, 36, 26, 46, 28, 27, 31, 47, 35, 32, 27, 35, 47, 34, 28, 33, 31, 29, 47, 34, 30, 35, 46, 41, 39, 37, 45, 42, 38, 43, 44]
 
(48, 51) = [1, 2, 3, 1, 0, 4, 5, 0, 5, 6, 0, 7, 4, 0, 8, 9, 3, 10, 1, 11, 2, 1, 12, 13, 12, 14, 2, 14, 15, 13, 16, 2, 10, 3, 14, 16, 17, 18, 11, 3, 8, 19, 4, 20, 21, 9, 22, 4, 6, 5, 19, 23, 24, 25, 7, 5, 19, 8, 6, 6, 7, 26, 24, 24, 26, 7, 27, 8, 9, 21, 28, 21, 28, 29, 9, 27, 14, 12, 10, 30, 31, 32, 33, 10, 11, 34, 17, 17, 34, 11, 35, 32, 30, 36, 37, 12, 13, 15, 38, 15, 38, 39, 13, 37, 16, 40, 15, 31, 40, 16, 39, 18, 18, 17, 41, 41, 41, 35, 18, 40, 23, 42, 43, 19, 20, 44, 45, 26, 45, 43, 20, 22, 44, 20, 42, 42, 22, 46, 21, 46, 46, 22, 29, 45, 43, 45, 23, 43, 42, 23, 44, 25, 25, 24, 47, 44, 47, 27, 25, 47, 27, 47, 26, 29, 29, 28, 46, 28, 37, 33, 30, 33, 36, 30, 32, 36, 33, 37, 31, 38, 32, 31, 36, 35, 35, 41, 34, 34, 39, 38, 40, 39]
 
(48, 58) = [1, 2, 3, 4, 0, 5, 6, 7, 6, 8, 0, 9, 5, 0, 7, 10, 11, 12, 13, 0, 3, 14, 1, 15, 2, 1, 16, 17, 14, 3, 18, 1, 16, 18, 2, 19, 20, 21, 22, 2, 23, 17, 24, 3, 4, 25, 21, 14, 21, 20, 4, 24, 25, 4, 26, 21, 7, 27, 5, 11, 28, 29, 30, 5, 8, 6, 27, 31, 32, 33, 10, 6, 27, 7, 8, 29, 34, 35, 36, 8, 9, 37, 12, 32, 12, 11, 9, 13, 37, 9, 38, 35, 10, 30, 32, 28, 30, 10, 28, 12, 13, 38, 11, 30, 38, 13, 37, 27, 18, 16, 14, 26, 15, 24, 39, 23, 39, 40, 15, 18, 24, 15, 23, 25, 41, 42, 43, 16, 17, 23, 40, 20, 40, 39, 17, 43, 19, 44, 45, 41, 45, 43, 19, 22, 44, 19, 42, 40, 22, 26, 20, 42, 26, 22, 25, 39, 29, 28, 33, 38, 33, 32, 29, 36, 31, 46, 47, 34, 47, 36, 31, 37, 46, 31, 35, 33, 36, 47, 34, 46, 35, 34, 46, 47, 43, 45, 41, 44, 42, 41, 44, 45]
 
(56, 16) = [0, 1, 2, 3, 2, 4, 0, 2, 1, 0, 5, 1, 6, 3, 3, 0, 5, 7, 1, 8, 4, 2, 7, 9, 3, 6, 6, 6, 7, 5, 4, 10, 11, 9, 12, 4, 13, 14, 8, 5, 15, 16, 17, 7, 8, 18, 13, 13, 18, 8, 19, 16, 9, 11, 20, 11, 20, 21, 9, 17, 10, 22, 23, 15, 23, 24, 10, 12, 22, 10, 25, 14, 12, 26, 11, 27, 26, 12, 21, 28, 14, 13, 29, 30, 29, 19, 14, 31, 17, 32, 15, 33, 16, 15, 34, 35, 34, 36, 16, 37, 32, 17, 36, 38, 19, 29, 18, 39, 35, 30, 40, 18, 41, 42, 37, 19, 21, 20, 26, 43, 33, 44, 27, 20, 45, 38, 46, 21, 25, 43, 22, 44, 30, 35, 47, 22, 24, 23, 43, 48, 27, 46, 33, 23, 43, 25, 24, 45, 49, 28, 50, 24, 51, 47, 31, 25, 52, 50, 48, 26, 46, 27, 45, 50, 28, 49, 53, 52, 53, 48, 28, 46, 36, 34, 32, 29, 47, 51, 30, 32, 31, 40, 51, 36, 40, 31, 35, 42, 44, 33, 38, 51, 54, 39, 42, 34, 37, 55, 41, 54, 55, 37, 39, 40, 38, 45, 44, 47, 39, 54, 55, 41, 42, 41, 54, 55, 48, 53, 52, 49, 50, 52, 49, 53]
 
(56, 20) = [0, 1, 2, 3, 2, 4, 0, 5, 1, 0, 6, 7, 8, 9, 10, 0, 6, 11, 1, 12, 13, 14, 15, 1, 4, 2, 11, 16, 17, 10, 18, 2, 3, 19, 20, 8, 20, 21, 3, 18, 19, 3, 7, 14, 11, 6, 4, 22, 23, 24, 25, 4, 5, 26, 27, 17, 27, 16, 5, 10, 26, 5, 28, 24, 29, 30, 14, 6, 7, 31, 19, 13, 31, 7, 21, 9, 10, 17, 8, 32, 9, 8, 33, 34, 33, 18, 9, 35, 36, 37, 38, 11, 12, 39, 40, 29, 40, 41, 12, 15, 39, 12, 34, 37, 15, 42, 13, 41, 14, 13, 29, 43, 42, 15, 30, 42, 16, 27, 44, 23, 44, 28, 16, 38, 18, 33, 17, 45, 43, 34, 41, 19, 21, 20, 31, 46, 45, 25, 32, 20, 47, 35, 35, 21, 22, 48, 49, 36, 49, 46, 22, 25, 48, 22, 50, 30, 25, 45, 23, 51, 24, 23, 52, 52, 52, 32, 24, 26, 28, 44, 26, 28, 32, 52, 45, 27, 30, 29, 42, 50, 34, 43, 39, 31, 53, 51, 37, 33, 35, 47, 47, 53, 38, 54, 36, 54, 37, 36, 53, 55, 54, 38, 51, 44, 55, 50, 46, 39, 41, 40, 43, 40, 46, 49, 55, 47, 50, 55, 48, 48, 51, 53, 54, 49]
 
(56, 21) = [0, 1, 2, 3, 2, 4, 0, 5, 1, 0, 6, 7, 8, 9, 10, 0, 6, 11, 1, 12, 13, 14, 15, 1, 4, 2, 11, 16, 17, 18, 19, 2, 3, 20, 21, 8, 21, 22, 3, 19, 20, 3, 23, 14, 11, 6, 4, 24, 25, 26, 27, 4, 5, 28, 29, 17, 29, 30, 5, 10, 28, 5, 31, 26, 31, 32, 28, 6, 7, 33, 34, 13, 34, 35, 7, 28, 33, 7, 36, 9, 10, 37, 8, 37, 9, 8, 38, 39, 38, 40, 9, 41, 37, 10, 40, 29, 42, 43, 44, 11, 12, 36, 35, 31, 35, 34, 12, 15, 36, 12, 33, 43, 15, 16, 13, 18, 14, 13, 45, 23, 45, 46, 14, 45, 16, 15, 46, 25, 46, 45, 16, 44, 19, 27, 17, 40, 18, 17, 26, 35, 26, 25, 18, 34, 27, 19, 25, 47, 23, 39, 20, 20, 22, 21, 39, 48, 40, 38, 37, 21, 39, 23, 22, 33, 49, 47, 43, 22, 24, 50, 51, 42, 51, 41, 24, 27, 50, 24, 52, 32, 30, 29, 32, 30, 32, 31, 30, 52, 53, 52, 41, 36, 54, 48, 48, 38, 41, 51, 53, 54, 44, 55, 42, 55, 43, 42, 49, 53, 55, 44, 47, 46, 47, 49, 55, 51, 48, 54, 54, 49, 52, 53, 50, 50]
 
(64, 26) = [0, 1, 2, 3, 2, 4, 0, 2, 1, 0, 5, 1, 6, 3, 3, 0, 5, 7, 1, 8, 4, 2, 7, 9, 3, 6, 6, 6, 7, 5, 4, 10, 11, 9, 12, 4, 13, 14, 8, 5, 15, 16, 17, 7, 8, 18, 13, 13, 18, 8, 19, 16, 9, 11, 20, 11, 20, 21, 9, 17, 10, 22, 23, 15, 23, 24, 10, 12, 22, 10, 25, 14, 12, 26, 11, 27, 26, 12, 21, 28, 14, 13, 29, 30, 29, 19, 14, 31, 17, 32, 15, 33, 16, 15, 34, 35, 34, 31, 16, 36, 32, 17, 31, 25, 19, 29, 18, 37, 35, 30, 38, 18, 39, 36, 36, 19, 21, 20, 26, 40, 33, 41, 27, 20, 42, 25, 24, 21, 25, 42, 22, 43, 30, 35, 44, 22, 24, 23, 42, 45, 27, 46, 33, 23, 47, 28, 28, 24, 48, 49, 49, 26, 46, 27, 40, 49, 28, 47, 47, 48, 50, 38, 51, 29, 44, 51, 30, 51, 31, 34, 32, 50, 43, 52, 53, 32, 41, 33, 54, 52, 55, 56, 56, 34, 38, 50, 35, 56, 36, 39, 39, 55, 37, 57, 57, 39, 57, 37, 37, 38, 40, 54, 46, 42, 54, 40, 41, 41, 53, 58, 43, 44, 52, 43, 59, 54, 51, 44, 50, 53, 45, 60, 60, 47, 60, 45, 45, 46, 49, 48, 48, 60, 59, 61, 52, 59, 58, 53, 61, 58, 56, 55, 55, 57, 61, 59, 58, 62, 63, 62, 62, 61, 62, 63, 63, 63]
 
(64, 27) = [0, 1, 2, 3, 2, 4, 0, 2, 1, 0, 5, 1, 6, 3, 3, 0, 5, 7, 1, 8, 4, 2, 7, 9, 3, 6, 6, 6, 7, 5, 4, 10, 11, 9, 12, 4, 13, 14, 8, 5, 15, 16, 17, 7, 8, 18, 13, 13, 18, 8, 19, 16, 9, 11, 20, 11, 20, 21, 9, 17, 10, 22, 23, 15, 23, 24, 10, 12, 22, 10, 25, 14, 12, 26, 11, 27, 26, 12, 21, 28, 14, 13, 29, 30, 29, 19, 14, 31, 17, 32, 15, 33, 16, 15, 34, 35, 34, 36, 16, 37, 32, 17, 36, 38, 19, 29, 18, 39, 35, 30, 40, 18, 41, 42, 37, 19, 21, 20, 26, 43, 33, 44, 27, 20, 45, 38, 46, 21, 25, 47, 22, 48, 30, 35, 44, 22, 24, 23, 47, 49, 27, 40, 33, 23, 47, 25, 24, 47, 50, 28, 49, 24, 51, 48, 31, 25, 52, 53, 42, 26, 40, 27, 35, 53, 28, 50, 54, 52, 54, 39, 28, 46, 55, 46, 56, 29, 44, 33, 30, 56, 31, 57, 51, 55, 57, 31, 43, 42, 36, 34, 32, 36, 58, 56, 38, 32, 59, 37, 53, 34, 37, 59, 41, 59, 38, 45, 58, 58, 39, 54, 60, 41, 60, 49, 39, 40, 42, 41, 52, 61, 43, 62, 57, 45, 62, 43, 48, 44, 46, 55, 45, 63, 48, 51, 62, 51, 49, 60, 50, 50, 53, 52, 59, 60, 63, 61, 61, 54, 56, 58, 55, 62, 61, 63, 63, 57]
 
(64, 28) = [0, 1, 2, 3, 2, 4, 0, 5, 1, 0, 6, 7, 8, 9, 9, 0, 6, 10, 1, 11, 12, 13, 14, 1, 4, 2, 10, 15, 16, 17, 13, 2, 3, 18, 18, 8, 18, 3, 3, 13, 10, 6, 4, 19, 20, 21, 22, 4, 5, 23, 24, 16, 24, 7, 5, 9, 23, 5, 25, 21, 26, 27, 28, 6, 7, 24, 29, 12, 29, 25, 7, 28, 9, 8, 8, 30, 31, 32, 33, 10, 11, 34, 21, 26, 21, 20, 11, 14, 34, 11, 35, 32, 14, 36, 12, 23, 13, 12, 16, 37, 36, 14, 17, 38, 15, 38, 39, 20, 39, 40, 15, 33, 38, 15, 41, 17, 17, 16, 36, 36, 37, 30, 30, 18, 19, 42, 43, 31, 43, 44, 19, 22, 42, 19, 45, 27, 22, 35, 20, 46, 35, 22, 34, 47, 25, 29, 23, 29, 30, 37, 37, 24, 28, 48, 26, 25, 27, 26, 49, 45, 49, 50, 27, 49, 48, 28, 50, 48, 33, 51, 31, 51, 32, 31, 52, 53, 52, 46, 32, 54, 51, 33, 46, 39, 53, 45, 44, 34, 55, 54, 54, 35, 41, 56, 38, 41, 40, 39, 56, 40, 56, 41, 40, 57, 45, 53, 42, 42, 44, 43, 53, 58, 46, 52, 51, 43, 59, 47, 47, 44, 47, 59, 59, 55, 50, 49, 48, 60, 61, 60, 60, 50, 62, 58, 58, 52, 54, 55, 55, 62, 63, 57, 57, 56, 57, 63, 63, 63, 58, 62, 62, 59, 60, 61, 61, 61]
 
(64, 31) = [1, 2, 2, 2, 0, 3, 3, 4, 3, 0, 0, 0, 2, 1, 1, 5, 5, 6, 7, 1, 4, 8, 9, 3, 9, 10, 4, 9, 8, 4, 11, 8, 7, 12, 5, 7, 6, 5, 13, 6, 13, 14, 6, 15, 12, 7, 14, 16, 11, 17, 8, 18, 10, 9, 17, 19, 17, 11, 10, 20, 21, 19, 22, 10, 23, 24, 18, 11, 14, 13, 12, 25, 26, 16, 27, 12, 28, 29, 15, 13, 30, 31, 32, 14, 15, 33, 28, 28, 33, 15, 34, 31, 16, 26, 35, 26, 35, 36, 16, 32, 37, 38, 39, 17, 18, 40, 23, 23, 40, 18, 41, 38, 19, 21, 42, 21, 42, 43, 19, 39, 20, 39, 44, 37, 44, 45, 20, 22, 39, 20, 37, 24, 22, 46, 21, 47, 46, 22, 43, 48, 24, 23, 47, 42, 47, 41, 24, 44, 25, 32, 49, 30, 49, 50, 25, 27, 32, 25, 30, 29, 27, 51, 26, 52, 51, 27, 36, 53, 29, 28, 52, 35, 52, 34, 29, 49, 31, 30, 50, 36, 50, 49, 31, 54, 34, 52, 33, 55, 36, 35, 51, 33, 56, 54, 54, 34, 38, 37, 45, 43, 45, 44, 38, 57, 41, 47, 40, 58, 43, 42, 46, 40, 59, 57, 57, 41, 60, 48, 48, 45, 61, 58, 58, 46, 48, 60, 60, 61, 62, 53, 53, 50, 63, 55, 55, 51, 53, 62, 62, 63, 54, 56, 56, 62, 55, 63, 63, 56, 57, 59, 59, 60, 58, 61, 61, 59]
 
(64, 38) = [1, 2, 2, 3, 0, 4, 4, 5, 4, 0, 0, 6, 7, 8, 9, 0, 2, 1, 1, 10, 11, 12, 13, 1, 14, 15, 16, 2, 3, 17, 18, 11, 18, 16, 3, 16, 17, 3, 15, 15, 19, 20, 21, 4, 5, 22, 23, 7, 23, 24, 5, 21, 22, 5, 25, 20, 6, 26, 27, 19, 27, 9, 6, 9, 26, 6, 8, 8, 9, 27, 7, 28, 8, 7, 26, 29, 10, 30, 31, 14, 31, 32, 10, 13, 30, 10, 33, 12, 13, 34, 11, 35, 12, 11, 36, 37, 36, 38, 12, 39, 34, 13, 38, 40, 16, 18, 14, 41, 15, 14, 17, 42, 42, 37, 43, 17, 41, 44, 35, 18, 21, 45, 19, 46, 20, 19, 47, 48, 47, 49, 20, 50, 45, 21, 49, 51, 25, 52, 22, 53, 48, 29, 54, 22, 24, 23, 52, 52, 46, 53, 28, 23, 52, 25, 24, 55, 55, 51, 56, 24, 57, 54, 50, 25, 29, 48, 58, 26, 28, 56, 46, 27, 56, 28, 55, 56, 58, 50, 29, 58, 33, 59, 30, 60, 37, 42, 61, 30, 32, 31, 59, 59, 35, 60, 41, 31, 59, 33, 32, 62, 62, 40, 44, 32, 63, 61, 39, 33, 38, 36, 34, 36, 61, 63, 37, 34, 60, 35, 40, 63, 39, 43, 63, 38, 43, 39, 42, 43, 40, 62, 60, 61, 44, 41, 62, 44, 49, 47, 45, 47, 54, 57, 48, 45, 53, 46, 51, 57, 50, 58, 57, 49, 51, 55, 53, 54]
 
(72, 113) = [0, 1, 2, 3, 2, 4, 0, 2, 1, 0, 5, 1, 6, 3, 3, 0, 5, 7, 1, 8, 4, 2, 7, 9, 3, 6, 6, 6, 7, 5, 4, 10, 11, 9, 12, 4, 13, 14, 8, 5, 15, 16, 17, 7, 8, 18, 13, 13, 18, 8, 19, 16, 9, 11, 20, 11, 20, 21, 9, 17, 10, 22, 23, 15, 23, 24, 10, 12, 22, 10, 25, 14, 12, 26, 11, 27, 26, 12, 21, 28, 14, 13, 29, 30, 29, 19, 14, 31, 17, 32, 15, 33, 16, 15, 34, 35, 34, 36, 16, 37, 32, 17, 36, 38, 19, 29, 18, 39, 35, 30, 40, 18, 41, 42, 37, 19, 21, 20, 26, 43, 33, 44, 27, 20, 45, 38, 46, 21, 25, 47, 22, 48, 30, 35, 49, 22, 24, 23, 47, 50, 27, 51, 33, 23, 47, 25, 24, 47, 52, 28, 50, 24, 53, 48, 31, 25, 54, 55, 55, 26, 51, 27, 43, 55, 28, 52, 56, 54, 56, 57, 28, 46, 58, 40, 59, 29, 49, 59, 30, 59, 31, 60, 53, 58, 60, 31, 61, 42, 36, 34, 32, 36, 62, 63, 38, 32, 44, 33, 64, 63, 65, 37, 66, 34, 40, 58, 35, 66, 37, 65, 41, 65, 38, 45, 62, 62, 39, 67, 67, 41, 67, 39, 39, 40, 42, 41, 68, 68, 68, 66, 42, 60, 43, 64, 51, 45, 64, 43, 44, 44, 46, 69, 45, 57, 69, 46, 63, 69, 48, 53, 70, 53, 70, 61, 48, 49, 59, 49, 58, 70, 50, 71, 52, 52, 71, 50, 57, 51, 55, 54, 54, 71, 57, 56, 71, 56, 61, 70, 60, 61, 63, 62, 69, 64, 66, 68, 65, 67]
 
(72, 114) = [0, 1, 2, 3, 2, 4, 0, 5, 1, 0, 6, 2, 7, 8, 9, 0, 6, 10, 1, 11, 5, 12, 13, 1, 4, 2, 10, 8, 3, 14, 15, 7, 15, 16, 3, 6, 14, 3, 17, 12, 10, 6, 4, 18, 19, 20, 21, 4, 13, 22, 5, 9, 12, 5, 23, 20, 9, 24, 7, 25, 8, 7, 26, 19, 26, 27, 8, 28, 24, 9, 27, 17, 29, 30, 28, 10, 11, 31, 25, 15, 25, 32, 11, 13, 31, 11, 33, 30, 23, 34, 12, 27, 22, 13, 34, 35, 17, 36, 14, 37, 20, 19, 38, 14, 16, 15, 36, 39, 36, 17, 16, 22, 40, 18, 41, 16, 18, 40, 42, 29, 42, 43, 18, 21, 21, 44, 19, 45, 38, 46, 20, 47, 44, 21, 46, 48, 34, 23, 22, 41, 49, 50, 47, 23, 27, 26, 24, 49, 37, 51, 52, 24, 32, 25, 53, 51, 54, 55, 45, 26, 28, 56, 29, 54, 56, 28, 57, 34, 30, 29, 58, 59, 58, 57, 30, 60, 33, 53, 31, 61, 59, 39, 55, 31, 53, 33, 32, 62, 63, 35, 64, 32, 65, 52, 60, 33, 35, 63, 66, 36, 66, 67, 35, 57, 52, 65, 37, 38, 51, 37, 48, 63, 46, 38, 44, 68, 39, 59, 69, 40, 69, 45, 39, 66, 41, 70, 40, 56, 70, 41, 43, 50, 43, 42, 70, 58, 45, 69, 54, 42, 60, 48, 65, 43, 67, 66, 71, 44, 64, 71, 63, 46, 47, 62, 49, 52, 62, 47, 68, 71, 48, 60, 51, 67, 50, 49, 61, 55, 61, 68, 50, 65, 71, 64, 67, 53, 55, 54, 59, 70, 57, 58, 56, 69, 68, 61, 62, 64]
 
(72, 115) = [0, 1, 2, 3, 2, 4, 0, 5, 1, 0, 6, 2, 7, 8, 9, 0, 6, 10, 1, 11, 5, 12, 13, 1, 4, 2, 10, 8, 3, 14, 15, 7, 15, 16, 3, 6, 14, 3, 17, 12, 10, 6, 4, 18, 19, 20, 21, 4, 13, 22, 5, 9, 12, 5, 23, 20, 9, 24, 7, 25, 8, 7, 26, 19, 26, 27, 8, 28, 24, 9, 27, 29, 30, 31, 28, 10, 11, 21, 25, 15, 25, 32, 11, 13, 21, 11, 19, 31, 23, 33, 12, 34, 22, 13, 33, 35, 17, 36, 14, 37, 20, 19, 32, 14, 16, 15, 36, 38, 36, 17, 16, 39, 40, 18, 41, 16, 42, 43, 34, 17, 18, 40, 44, 30, 44, 38, 18, 21, 32, 25, 20, 45, 33, 23, 22, 46, 47, 29, 48, 22, 49, 50, 45, 23, 27, 26, 24, 51, 52, 45, 53, 24, 54, 55, 31, 26, 56, 57, 58, 27, 28, 59, 30, 54, 59, 28, 55, 57, 29, 47, 60, 52, 60, 61, 29, 58, 31, 30, 54, 44, 62, 35, 37, 32, 63, 64, 65, 33, 34, 66, 42, 49, 66, 34, 67, 64, 35, 62, 57, 47, 57, 56, 35, 65, 67, 68, 66, 36, 37, 58, 62, 42, 58, 37, 56, 68, 38, 44, 69, 40, 69, 41, 38, 66, 39, 53, 50, 67, 50, 49, 39, 41, 53, 39, 52, 43, 41, 69, 40, 70, 43, 42, 68, 61, 68, 67, 43, 60, 45, 52, 49, 62, 46, 70, 71, 63, 71, 65, 46, 48, 70, 46, 64, 50, 48, 51, 47, 55, 51, 48, 61, 56, 61, 60, 51, 53, 55, 54, 59, 71, 65, 71, 63, 59, 64, 63, 70, 69]
 
(72, 118) = [0, 1, 2, 3, 2, 4, 0, 5, 1, 0, 6, 2, 7, 8, 9, 0, 6, 10, 1, 11, 5, 12, 13, 1, 4, 2, 10, 8, 3, 14, 15, 7, 15, 16, 3, 6, 14, 3, 17, 12, 10, 6, 4, 18, 19, 20, 21, 4, 13, 22, 5, 9, 12, 5, 23, 20, 9, 24, 7, 25, 8, 7, 26, 19, 26, 27, 8, 28, 24, 9, 27, 29, 30, 31, 28, 10, 11, 32, 25, 15, 25, 33, 11, 13, 32, 11, 34, 31, 23, 35, 12, 36, 22, 13, 35, 37, 17, 38, 14, 39, 20, 19, 40, 14, 16, 15, 38, 41, 38, 17, 16, 34, 42, 18, 31, 16, 43, 44, 36, 17, 18, 42, 45, 30, 45, 28, 18, 21, 21, 46, 19, 47, 40, 48, 20, 49, 46, 21, 48, 27, 35, 23, 22, 50, 51, 29, 52, 22, 53, 54, 49, 23, 27, 26, 24, 55, 56, 57, 58, 24, 33, 25, 59, 57, 60, 61, 47, 26, 28, 45, 30, 60, 29, 51, 44, 56, 44, 43, 29, 48, 31, 30, 42, 62, 34, 59, 32, 63, 62, 41, 64, 32, 59, 34, 33, 44, 58, 37, 56, 33, 65, 66, 61, 35, 36, 52, 43, 53, 52, 36, 51, 66, 37, 58, 67, 51, 67, 55, 37, 61, 63, 68, 54, 38, 39, 49, 68, 43, 68, 63, 39, 40, 49, 39, 53, 68, 48, 40, 46, 59, 41, 62, 69, 42, 69, 50, 41, 54, 47, 70, 60, 45, 55, 67, 57, 46, 70, 47, 66, 67, 50, 69, 71, 65, 71, 64, 50, 52, 54, 53, 63, 64, 57, 56, 55, 58, 61, 60, 65, 70, 64, 71, 62, 69, 66, 65, 70, 71]
 
(72, 149) = [0, 1, 2, 3, 2, 4, 0, 5, 1, 0, 6, 7, 8, 9, 10, 0, 6, 11, 1, 12, 13, 14, 15, 1, 4, 2, 11, 16, 17, 10, 18, 2, 3, 19, 20, 8, 20, 21, 3, 18, 19, 3, 7, 14, 11, 6, 4, 22, 23, 24, 25, 4, 5, 26, 27, 17, 27, 16, 5, 10, 26, 5, 28, 24, 29, 30, 14, 6, 7, 31, 19, 13, 31, 7, 21, 9, 10, 17, 8, 32, 9, 8, 33, 34, 33, 18, 9, 35, 36, 37, 38, 11, 12, 39, 40, 29, 40, 41, 12, 15, 39, 12, 42, 37, 15, 43, 13, 44, 14, 13, 29, 45, 43, 15, 30, 46, 16, 27, 47, 23, 47, 28, 16, 38, 18, 33, 17, 48, 45, 34, 44, 19, 21, 20, 31, 49, 48, 50, 32, 20, 51, 35, 35, 21, 22, 52, 53, 36, 53, 54, 22, 25, 52, 22, 55, 30, 25, 56, 23, 57, 24, 23, 58, 59, 58, 60, 24, 61, 56, 25, 60, 62, 28, 47, 26, 56, 59, 32, 63, 26, 32, 59, 48, 27, 62, 64, 61, 28, 30, 29, 43, 65, 34, 45, 64, 31, 66, 55, 54, 33, 64, 62, 34, 54, 35, 51, 51, 66, 38, 67, 36, 68, 37, 36, 69, 70, 69, 49, 37, 50, 67, 38, 49, 64, 42, 71, 39, 43, 70, 65, 65, 39, 41, 40, 71, 60, 44, 61, 45, 40, 71, 42, 41, 58, 63, 46, 59, 41, 46, 63, 50, 42, 61, 44, 62, 71, 50, 48, 46, 55, 68, 57, 57, 47, 49, 69, 67, 51, 55, 66, 52, 69, 65, 70, 70, 52, 54, 53, 66, 67, 57, 68, 68, 53, 60, 58, 56, 63]
 
(72, 175) = [0, 1, 2, 3, 2, 4, 0, 5, 1, 0, 6, 7, 8, 9, 10, 0, 6, 11, 1, 12, 13, 14, 15, 1, 4, 2, 11, 16, 17, 18, 19, 2, 3, 20, 21, 8, 21, 22, 3, 19, 20, 3, 23, 14, 11, 6, 4, 24, 25, 15, 26, 4, 5, 27, 28, 17, 28, 29, 5, 10, 27, 5, 12, 15, 30, 31, 32, 6, 7, 33, 34, 13, 34, 35, 7, 32, 33, 7, 36, 9, 10, 32, 8, 37, 9, 8, 31, 38, 31, 30, 9, 39, 32, 10, 30, 40, 41, 42, 43, 11, 12, 44, 27, 30, 44, 12, 29, 42, 15, 25, 13, 45, 14, 13, 46, 47, 46, 26, 14, 48, 16, 23, 22, 25, 22, 21, 16, 43, 23, 16, 20, 18, 19, 49, 17, 50, 18, 17, 51, 52, 51, 53, 18, 54, 49, 19, 53, 55, 47, 38, 54, 20, 50, 56, 37, 21, 57, 55, 58, 22, 52, 45, 48, 23, 24, 59, 60, 41, 60, 61, 24, 26, 59, 24, 62, 31, 26, 46, 25, 58, 45, 52, 40, 27, 29, 28, 44, 53, 37, 54, 50, 28, 63, 40, 64, 29, 36, 65, 33, 66, 38, 47, 56, 33, 35, 34, 65, 51, 40, 63, 45, 34, 65, 36, 35, 46, 54, 37, 47, 35, 67, 58, 39, 36, 56, 50, 38, 62, 39, 68, 67, 59, 68, 39, 55, 44, 43, 69, 41, 57, 42, 41, 70, 68, 70, 66, 42, 64, 69, 43, 66, 56, 48, 64, 52, 65, 64, 48, 63, 61, 53, 51, 49, 63, 71, 62, 61, 49, 55, 57, 68, 71, 58, 67, 57, 60, 62, 71, 59, 69, 61, 60, 71, 70, 66, 70, 69, 67]
 
(72, 181) = [0, 1, 2, 3, 2, 4, 0, 5, 1, 0, 6, 7, 8, 9, 10, 0, 6, 11, 1, 12, 13, 14, 15, 1, 4, 2, 11, 16, 17, 18, 19, 2, 3, 20, 21, 8, 21, 22, 3, 19, 20, 3, 23, 14, 11, 6, 4, 24, 25, 26, 27, 4, 5, 28, 29, 17, 29, 27, 5, 10, 28, 5, 26, 26, 30, 31, 32, 6, 7, 33, 34, 13, 34, 35, 7, 32, 33, 7, 36, 9, 10, 37, 8, 38, 9, 8, 39, 39, 39, 40, 9, 33, 37, 10, 40, 41, 42, 43, 44, 11, 12, 45, 46, 30, 46, 15, 12, 15, 45, 12, 14, 43, 15, 46, 13, 47, 14, 13, 45, 40, 16, 48, 49, 25, 49, 50, 16, 44, 48, 16, 51, 18, 19, 52, 17, 22, 18, 17, 53, 53, 53, 54, 18, 48, 52, 19, 54, 52, 23, 38, 20, 55, 40, 39, 37, 20, 22, 21, 38, 21, 38, 23, 22, 29, 56, 57, 43, 23, 24, 58, 59, 42, 59, 41, 24, 27, 58, 24, 60, 31, 27, 29, 25, 57, 26, 25, 28, 54, 54, 53, 52, 28, 32, 61, 30, 35, 31, 30, 62, 60, 62, 63, 31, 62, 61, 32, 63, 61, 36, 47, 33, 36, 35, 34, 47, 34, 47, 36, 35, 46, 64, 55, 55, 37, 41, 59, 65, 64, 65, 60, 41, 45, 44, 66, 42, 66, 43, 42, 56, 65, 66, 44, 57, 49, 51, 67, 48, 51, 50, 49, 67, 50, 67, 51, 50, 68, 55, 64, 64, 56, 57, 56, 66, 59, 60, 65, 58, 58, 63, 62, 61, 69, 70, 69, 69, 63, 71, 68, 68, 67, 68, 71, 71, 71, 69, 70, 70, 70]
 
(72, 192) = [0, 1, 2, 3, 2, 4, 0, 5, 1, 0, 6, 7, 8, 9, 10, 0, 6, 11, 1, 12, 13, 14, 15, 1, 4, 2, 11, 16, 17, 18, 19, 2, 3, 20, 21, 8, 21, 22, 3, 19, 20, 3, 23, 14, 11, 6, 4, 24, 25, 26, 27, 4, 5, 28, 29, 17, 29, 30, 5, 10, 28, 5, 31, 26, 32, 33, 34, 6, 7, 35, 36, 13, 36, 37, 7, 34, 35, 7, 38, 9, 10, 34, 8, 39, 9, 8, 33, 40, 33, 32, 9, 41, 34, 10, 32, 42, 43, 44, 45, 11, 12, 38, 37, 32, 37, 36, 12, 15, 38, 12, 35, 44, 15, 46, 13, 47, 14, 13, 48, 49, 48, 50, 14, 51, 46, 15, 50, 52, 16, 23, 22, 25, 22, 21, 16, 45, 23, 16, 20, 18, 19, 27, 17, 53, 18, 17, 26, 54, 26, 25, 18, 55, 27, 19, 25, 56, 49, 40, 55, 20, 53, 57, 39, 21, 58, 56, 56, 22, 54, 55, 51, 23, 24, 59, 60, 43, 60, 61, 24, 27, 59, 24, 62, 33, 31, 63, 28, 48, 55, 54, 49, 28, 30, 29, 63, 46, 39, 47, 53, 29, 63, 31, 30, 64, 52, 42, 57, 30, 51, 65, 54, 31, 40, 49, 65, 35, 42, 52, 47, 36, 47, 39, 42, 37, 66, 41, 41, 38, 65, 51, 40, 62, 41, 66, 66, 59, 45, 67, 43, 58, 44, 43, 68, 66, 68, 64, 44, 65, 67, 45, 64, 57, 50, 48, 46, 69, 70, 62, 61, 50, 57, 53, 52, 61, 56, 58, 58, 60, 62, 70, 59, 68, 61, 60, 70, 67, 71, 69, 69, 63, 64, 68, 67, 71, 69, 71, 71, 70]
 
(80, 149) = [0, 1, 2, 3, 2, 4, 0, 5, 1, 0, 6, 7, 8, 9, 10, 0, 6, 11, 1, 12, 13, 14, 15, 1, 4, 2, 11, 16, 17, 18, 19, 2, 3, 20, 21, 8, 21, 10, 3, 19, 20, 3, 9, 14, 11, 6, 4, 22, 23, 24, 25, 4, 5, 26, 27, 17, 27, 25, 5, 10, 26, 5, 24, 24, 28, 29, 30, 6, 7, 31, 32, 13, 32, 33, 7, 30, 31, 7, 34, 9, 10, 21, 8, 35, 9, 8, 20, 36, 37, 34, 33, 11, 12, 38, 39, 28, 39, 15, 12, 15, 38, 12, 14, 34, 15, 39, 13, 40, 14, 13, 38, 41, 16, 42, 43, 23, 43, 44, 16, 33, 42, 16, 45, 18, 19, 46, 17, 47, 18, 17, 48, 49, 48, 22, 18, 29, 46, 19, 22, 25, 41, 36, 50, 20, 47, 50, 35, 21, 22, 48, 46, 37, 25, 27, 23, 51, 24, 23, 26, 52, 52, 49, 53, 26, 35, 54, 47, 27, 30, 55, 28, 56, 29, 28, 57, 58, 57, 59, 29, 45, 55, 30, 59, 44, 34, 37, 31, 60, 36, 41, 54, 31, 33, 32, 37, 61, 56, 62, 40, 32, 54, 35, 36, 50, 60, 58, 63, 38, 40, 64, 56, 39, 64, 40, 65, 64, 50, 47, 41, 63, 45, 66, 42, 67, 49, 52, 68, 42, 44, 43, 66, 69, 61, 70, 51, 43, 66, 45, 44, 71, 51, 63, 61, 46, 58, 60, 70, 48, 68, 69, 49, 70, 63, 51, 60, 54, 53, 72, 52, 53, 72, 53, 69, 73, 59, 57, 55, 74, 69, 68, 72, 55, 62, 56, 67, 68, 67, 65, 62, 57, 70, 61, 58, 62, 75, 71, 71, 59, 65, 67, 64, 76, 77, 74, 76, 65, 78, 76, 73, 66, 71, 75, 75, 78, 79, 73, 74, 72, 73, 79, 78, 79, 74, 77, 79, 75, 76, 78, 77, 77]
 
(80, 193) = [1, 2, 2, 2, 0, 3, 3, 4, 3, 0, 0, 0, 2, 1, 1, 5, 5, 6, 7, 1, 4, 8, 9, 3, 9, 10, 4, 9, 8, 4, 11, 8, 7, 12, 5, 7, 6, 5, 13, 6, 13, 14, 6, 15, 12, 7, 14, 16, 11, 17, 8, 18, 10, 9, 17, 19, 17, 11, 10, 20, 21, 19, 22, 10, 23, 24, 18, 11, 14, 13, 12, 25, 26, 16, 27, 12, 28, 29, 15, 13, 30, 31, 32, 14, 15, 33, 28, 28, 33, 15, 34, 31, 16, 26, 35, 26, 35, 36, 16, 32, 37, 38, 39, 17, 18, 40, 23, 23, 40, 18, 41, 38, 19, 21, 42, 21, 42, 43, 19, 39, 20, 44, 45, 37, 45, 46, 20, 22, 44, 20, 47, 24, 22, 48, 21, 49, 48, 22, 43, 50, 24, 23, 51, 47, 51, 41, 24, 51, 25, 52, 53, 30, 53, 54, 25, 27, 52, 25, 55, 29, 27, 56, 26, 57, 56, 27, 36, 58, 29, 28, 59, 55, 59, 34, 29, 59, 32, 60, 30, 60, 31, 30, 61, 62, 61, 57, 31, 63, 60, 32, 57, 35, 34, 59, 33, 64, 62, 55, 54, 33, 65, 64, 63, 34, 36, 35, 56, 36, 39, 66, 37, 66, 38, 37, 67, 68, 67, 49, 38, 69, 66, 39, 49, 42, 41, 51, 40, 70, 68, 47, 46, 40, 71, 70, 69, 41, 43, 42, 48, 43, 47, 68, 44, 44, 46, 45, 68, 72, 49, 67, 66, 45, 73, 50, 70, 46, 74, 69, 50, 48, 50, 73, 74, 74, 55, 62, 52, 52, 54, 53, 62, 75, 57, 61, 60, 53, 76, 58, 64, 54, 77, 63, 58, 56, 58, 76, 77, 77, 78, 75, 75, 61, 63, 77, 65, 78, 64, 65, 76, 65, 79, 72, 72, 67, 69, 74, 71, 79, 70, 71, 73, 71, 72, 79, 79, 73, 75, 78, 78, 76]
 
(96, 298) = [0, 1, 2, 3, 2, 4, 0, 2, 1, 0, 5, 1, 6, 3, 3, 0, 5, 7, 1, 8, 4, 2, 7, 9, 3, 6, 6, 6, 7, 5, 4, 10, 11, 9, 12, 4, 13, 14, 8, 5, 15, 16, 17, 7, 8, 18, 13, 13, 18, 8, 19, 16, 9, 11, 20, 11, 20, 21, 9, 17, 10, 22, 23, 15, 23, 24, 10, 12, 22, 10, 25, 14, 12, 26, 11, 27, 26, 12, 21, 28, 14, 13, 29, 30, 29, 19, 14, 31, 17, 32, 15, 33, 16, 15, 34, 35, 34, 36, 16, 37, 32, 17, 36, 38, 19, 29, 18, 39, 35, 30, 40, 18, 41, 42, 37, 19, 21, 20, 26, 43, 33, 44, 27, 20, 45, 38, 46, 21, 25, 47, 22, 48, 30, 35, 49, 22, 24, 23, 47, 50, 27, 51, 33, 23, 47, 25, 24, 52, 53, 28, 54, 24, 55, 56, 31, 25, 57, 58, 58, 26, 51, 27, 43, 58, 28, 53, 59, 57, 59, 60, 28, 46, 61, 40, 62, 29, 49, 62, 30, 62, 31, 46, 55, 61, 46, 31, 45, 42, 36, 34, 32, 63, 64, 65, 66, 32, 44, 33, 67, 65, 68, 54, 60, 34, 40, 61, 35, 60, 69, 70, 71, 36, 37, 72, 41, 68, 72, 37, 50, 70, 38, 45, 56, 64, 56, 55, 38, 71, 39, 73, 73, 41, 73, 39, 39, 40, 42, 41, 74, 59, 74, 50, 42, 51, 43, 67, 51, 45, 67, 43, 44, 44, 75, 76, 70, 47, 48, 77, 78, 55, 78, 79, 48, 49, 77, 48, 80, 76, 62, 49, 61, 78, 50, 74, 72, 53, 52, 81, 82, 75, 82, 63, 52, 54, 81, 52, 83, 56, 54, 68, 53, 84, 58, 57, 57, 74, 60, 59, 68, 73, 63, 82, 85, 69, 85, 83, 63, 66, 66, 86, 64, 83, 65, 64, 87, 67, 87, 88, 65, 87, 86, 66, 88, 86, 71, 89, 69, 81, 70, 69, 75, 90, 89, 71, 76, 77, 90, 84, 84, 72, 76, 75, 89, 89, 80, 91, 77, 80, 79, 78, 91, 79, 91, 80, 79, 92, 83, 85, 81, 85, 84, 90, 90, 82, 88, 87, 86, 93, 94, 93, 93, 88, 95, 92, 92, 91, 92, 95, 95, 95, 93, 94, 94, 94]
 
(96, 301) = [0, 1, 2, 3, 2, 4, 0, 5, 1, 0, 6, 2, 7, 8, 9, 0, 6, 10, 1, 11, 5, 12, 13, 1, 4, 2, 10, 8, 3, 14, 15, 7, 15, 16, 3, 6, 14, 3, 17, 12, 10, 6, 4, 18, 19, 20, 21, 4, 13, 22, 5, 9, 12, 5, 23, 20, 9, 24, 7, 25, 8, 7, 26, 19, 26, 27, 8, 28, 24, 9, 27, 17, 29, 30, 28, 10, 11, 31, 25, 15, 25, 32, 11, 13, 31, 11, 33, 30, 23, 34, 12, 27, 22, 13, 34, 35, 17, 36, 14, 37, 20, 19, 38, 14, 16, 15, 36, 39, 36, 17, 16, 22, 40, 18, 41, 16, 18, 40, 42, 29, 42, 43, 18, 21, 21, 44, 19, 45, 38, 46, 20, 47, 44, 21, 46, 48, 34, 23, 22, 41, 49, 50, 47, 23, 27, 26, 24, 49, 37, 51, 52, 24, 32, 25, 53, 51, 54, 55, 45, 26, 28, 56, 29, 54, 56, 28, 57, 34, 30, 29, 58, 59, 58, 57, 30, 60, 33, 53, 31, 61, 59, 39, 62, 31, 53, 33, 32, 63, 64, 35, 65, 32, 66, 67, 60, 33, 35, 64, 68, 36, 68, 69, 35, 57, 52, 61, 37, 38, 51, 37, 70, 64, 46, 38, 44, 53, 39, 59, 71, 40, 71, 72, 39, 68, 41, 73, 40, 56, 73, 41, 43, 50, 43, 42, 73, 74, 45, 75, 54, 42, 76, 48, 77, 43, 70, 78, 51, 44, 75, 45, 79, 78, 63, 80, 81, 46, 47, 82, 49, 52, 82, 47, 83, 80, 48, 76, 84, 70, 84, 85, 48, 81, 50, 49, 86, 55, 86, 83, 50, 77, 61, 52, 78, 66, 55, 54, 87, 73, 87, 79, 55, 88, 57, 58, 56, 71, 79, 87, 75, 58, 62, 74, 59, 75, 60, 89, 66, 79, 89, 60, 90, 69, 78, 70, 61, 62, 74, 62, 72, 76, 81, 91, 63, 65, 80, 63, 92, 67, 65, 93, 64, 84, 93, 65, 69, 94, 67, 66, 95, 82, 95, 90, 67, 93, 69, 68, 93, 92, 72, 71, 74, 87, 88, 92, 91, 72, 77, 94, 76, 91, 94, 77, 85, 95, 92, 88, 80, 89, 91, 81, 88, 86, 83, 86, 82, 85, 90, 95, 89, 83, 85, 84, 94, 90]
 
(96, 305) = [0, 1, 2, 3, 2, 4, 0, 5, 1, 0, 6, 2, 7, 8, 9, 0, 6, 10, 1, 11, 5, 12, 13, 1, 4, 2, 10, 8, 3, 14, 15, 7, 15, 16, 3, 6, 14, 3, 17, 12, 10, 6, 4, 18, 19, 20, 21, 4, 13, 22, 5, 9, 12, 5, 23, 20, 9, 24, 7, 25, 8, 7, 26, 19, 26, 27, 8, 28, 24, 9, 27, 29, 30, 31, 28, 10, 11, 21, 25, 15, 25, 32, 11, 13, 21, 11, 19, 31, 23, 33, 12, 34, 22, 13, 33, 35, 17, 36, 14, 37, 20, 19, 32, 14, 16, 15, 36, 38, 36, 17, 16, 39, 40, 18, 41, 16, 42, 43, 34, 17, 18, 40, 44, 30, 44, 38, 18, 21, 32, 25, 20, 45, 33, 23, 22, 46, 47, 29, 48, 22, 49, 50, 45, 23, 27, 26, 24, 51, 52, 45, 53, 24, 54, 55, 31, 26, 56, 57, 58, 27, 28, 59, 30, 54, 59, 28, 55, 57, 29, 47, 43, 52, 43, 42, 29, 58, 31, 30, 54, 44, 60, 35, 37, 32, 61, 62, 63, 33, 34, 48, 42, 49, 48, 34, 47, 62, 35, 60, 64, 47, 64, 65, 35, 63, 66, 67, 68, 36, 37, 69, 60, 42, 69, 37, 65, 67, 38, 44, 70, 40, 70, 41, 38, 68, 39, 71, 72, 66, 72, 73, 39, 41, 71, 39, 74, 43, 41, 70, 40, 75, 45, 52, 49, 60, 46, 76, 77, 61, 77, 78, 46, 48, 76, 46, 79, 50, 50, 49, 80, 78, 80, 53, 50, 81, 51, 82, 83, 56, 83, 84, 51, 53, 82, 51, 85, 55, 53, 80, 52, 74, 55, 54, 59, 86, 58, 87, 56, 71, 57, 56, 81, 79, 81, 88, 57, 85, 87, 58, 88, 69, 79, 86, 76, 59, 63, 75, 61, 89, 62, 61, 89, 77, 89, 90, 62, 64, 75, 63, 90, 72, 65, 64, 69, 91, 73, 72, 92, 65, 68, 91, 66, 90, 67, 66, 93, 87, 93, 94, 67, 92, 91, 68, 94, 73, 90, 89, 75, 70, 74, 92, 71, 83, 92, 74, 73, 95, 78, 77, 86, 76, 86, 79, 78, 82, 85, 95, 82, 80, 88, 81, 87, 84, 84, 83, 95, 94, 95, 85, 84, 93, 94, 93, 91, 88]
 
(96, 322) = [0, 1, 2, 3, 2, 4, 0, 5, 1, 0, 6, 2, 7, 8, 9, 0, 6, 10, 1, 11, 5, 12, 13, 1, 4, 2, 10, 8, 3, 14, 15, 7, 15, 16, 3, 6, 14, 3, 17, 12, 10, 6, 4, 18, 19, 20, 21, 4, 13, 22, 5, 9, 12, 5, 23, 20, 9, 24, 7, 25, 8, 7, 26, 19, 26, 27, 8, 28, 24, 9, 27, 29, 30, 31, 28, 10, 11, 32, 25, 15, 25, 33, 11, 13, 32, 11, 34, 31, 23, 35, 12, 36, 22, 13, 35, 37, 17, 38, 14, 39, 20, 19, 40, 14, 16, 15, 38, 41, 38, 17, 16, 42, 43, 18, 44, 16, 45, 40, 36, 17, 18, 43, 46, 30, 46, 47, 18, 21, 21, 36, 19, 48, 40, 45, 20, 49, 36, 21, 45, 50, 35, 23, 22, 51, 34, 29, 32, 22, 50, 52, 49, 23, 27, 26, 24, 53, 54, 55, 56, 24, 33, 25, 29, 55, 57, 58, 48, 26, 59, 60, 55, 27, 28, 61, 30, 57, 61, 28, 62, 60, 29, 34, 33, 54, 31, 30, 63, 64, 63, 62, 31, 65, 64, 41, 51, 32, 66, 37, 67, 33, 37, 66, 65, 34, 68, 48, 69, 35, 65, 70, 37, 69, 71, 72, 73, 38, 39, 74, 75, 45, 75, 42, 39, 40, 74, 39, 76, 72, 41, 64, 77, 43, 77, 78, 41, 73, 42, 75, 79, 71, 79, 76, 42, 44, 44, 80, 43, 81, 80, 44, 47, 82, 47, 46, 80, 83, 48, 68, 57, 46, 52, 50, 84, 47, 49, 85, 50, 75, 85, 49, 86, 74, 51, 83, 64, 68, 83, 51, 78, 52, 84, 86, 52, 87, 53, 73, 88, 59, 88, 89, 53, 56, 73, 53, 71, 58, 56, 87, 54, 67, 55, 54, 59, 66, 87, 56, 60, 90, 58, 57, 81, 77, 81, 69, 58, 79, 60, 59, 87, 78, 62, 63, 61, 80, 78, 77, 83, 61, 82, 91, 90, 62, 69, 81, 68, 63, 70, 65, 92, 91, 67, 92, 66, 88, 92, 67, 70, 86, 76, 79, 74, 70, 72, 71, 89, 85, 89, 88, 72, 93, 91, 82, 93, 76, 90, 94, 82, 84, 86, 84, 85, 95, 94, 90, 95, 89, 93, 95, 91, 94, 95, 93, 94, 92]
 
(96, 328) = [0, 1, 2, 3, 2, 4, 0, 5, 1, 0, 6, 2, 7, 8, 9, 0, 6, 10, 1, 11, 5, 12, 13, 1, 4, 2, 10, 8, 3, 14, 15, 7, 15, 16, 3, 6, 14, 3, 17, 12, 10, 6, 4, 18, 19, 20, 21, 4, 13, 22, 5, 9, 12, 5, 23, 20, 9, 24, 7, 25, 8, 7, 26, 19, 26, 27, 8, 28, 24, 9, 27, 29, 30, 31, 28, 10, 11, 32, 25, 15, 25, 33, 11, 13, 32, 11, 34, 31, 23, 35, 12, 36, 22, 13, 35, 37, 17, 38, 14, 39, 20, 19, 40, 14, 16, 15, 38, 41, 38, 17, 16, 42, 43, 18, 44, 16, 45, 46, 36, 17, 18, 43, 47, 30, 47, 48, 18, 21, 21, 49, 19, 50, 40, 51, 20, 52, 49, 21, 51, 53, 35, 23, 22, 54, 55, 29, 56, 22, 57, 56, 52, 23, 27, 26, 24, 49, 58, 59, 60, 24, 33, 25, 61, 59, 62, 50, 50, 26, 53, 63, 64, 27, 28, 65, 30, 62, 65, 28, 66, 63, 29, 55, 67, 58, 67, 52, 29, 64, 31, 30, 68, 69, 68, 66, 31, 70, 34, 61, 32, 38, 69, 41, 41, 32, 61, 34, 33, 71, 72, 37, 46, 33, 42, 73, 70, 34, 74, 75, 75, 35, 36, 76, 45, 57, 76, 36, 37, 75, 37, 72, 76, 55, 39, 77, 78, 45, 78, 79, 39, 40, 77, 39, 80, 61, 51, 40, 49, 60, 41, 69, 69, 43, 70, 81, 42, 44, 73, 42, 71, 46, 44, 82, 43, 68, 82, 44, 48, 83, 46, 45, 72, 84, 48, 47, 82, 65, 50, 62, 62, 47, 63, 53, 85, 48, 86, 64, 87, 51, 52, 67, 57, 78, 64, 86, 53, 87, 54, 88, 88, 74, 88, 54, 54, 56, 56, 57, 55, 89, 60, 90, 58, 86, 59, 58, 91, 72, 91, 92, 59, 80, 90, 60, 92, 79, 85, 87, 63, 90, 66, 68, 65, 93, 92, 91, 90, 66, 87, 85, 86, 67, 81, 70, 84, 91, 71, 84, 73, 77, 84, 71, 81, 73, 75, 74, 74, 94, 94, 89, 89, 76, 80, 83, 77, 81, 79, 78, 83, 85, 83, 80, 79, 95, 95, 93, 93, 82, 89, 94, 94, 88, 93, 95, 95, 92]
 
(96, 329) = [0, 1, 2, 3, 2, 4, 0, 5, 1, 0, 6, 2, 7, 8, 9, 0, 6, 10, 1, 11, 5, 12, 13, 1, 4, 2, 10, 8, 3, 14, 15, 7, 15, 16, 3, 6, 14, 3, 17, 12, 10, 6, 4, 18, 19, 20, 21, 4, 13, 22, 5, 9, 12, 5, 23, 20, 9, 24, 7, 25, 8, 7, 26, 19, 26, 27, 8, 28, 24, 9, 27, 29, 30, 31, 28, 10, 11, 32, 25, 15, 25, 33, 11, 13, 32, 11, 34, 31, 23, 35, 12, 36, 22, 13, 35, 37, 17, 38, 14, 39, 20, 19, 40, 14, 16, 15, 38, 41, 38, 17, 16, 42, 43, 18, 44, 16, 45, 46, 36, 17, 18, 43, 47, 30, 47, 48, 18, 21, 21, 49, 19, 50, 40, 51, 20, 52, 49, 21, 51, 53, 35, 23, 22, 54, 55, 29, 56, 22, 57, 56, 52, 23, 27, 26, 24, 58, 59, 60, 61, 24, 33, 25, 62, 60, 63, 64, 50, 26, 65, 66, 67, 27, 28, 68, 30, 63, 68, 28, 69, 66, 29, 55, 70, 59, 70, 52, 29, 67, 31, 30, 71, 72, 71, 69, 31, 73, 34, 62, 32, 74, 72, 41, 64, 32, 62, 34, 33, 75, 76, 37, 46, 33, 77, 78, 73, 34, 79, 80, 80, 35, 36, 81, 45, 57, 81, 36, 37, 80, 37, 76, 81, 55, 82, 61, 83, 38, 39, 84, 85, 45, 85, 74, 39, 40, 84, 39, 58, 61, 51, 40, 49, 62, 41, 72, 86, 43, 86, 50, 41, 83, 42, 87, 66, 82, 66, 65, 42, 44, 87, 42, 75, 46, 44, 88, 43, 68, 88, 44, 48, 89, 46, 45, 76, 90, 48, 47, 88, 71, 50, 86, 63, 47, 73, 53, 77, 48, 91, 83, 60, 49, 75, 67, 87, 51, 52, 70, 57, 85, 53, 73, 90, 91, 90, 92, 53, 87, 54, 93, 93, 79, 93, 54, 54, 56, 56, 57, 55, 94, 58, 89, 84, 65, 89, 58, 74, 64, 61, 82, 59, 92, 60, 59, 91, 76, 64, 63, 72, 88, 67, 75, 65, 78, 69, 71, 68, 86, 83, 91, 82, 69, 78, 77, 92, 70, 74, 85, 89, 77, 92, 90, 78, 84, 80, 79, 79, 95, 95, 94, 94, 81, 94, 95, 95, 93]
 
(96, 330) = [0, 1, 2, 3, 2, 4, 0, 5, 1, 0, 6, 2, 7, 8, 9, 0, 6, 10, 1, 11, 5, 12, 13, 1, 4, 2, 10, 8, 3, 14, 15, 7, 15, 16, 3, 6, 14, 3, 17, 12, 10, 6, 4, 18, 19, 20, 21, 4, 13, 22, 5, 9, 12, 5, 23, 20, 9, 24, 7, 25, 8, 7, 26, 19, 26, 27, 8, 28, 24, 9, 27, 29, 30, 31, 28, 10, 11, 32, 25, 15, 25, 33, 11, 13, 32, 11, 34, 31, 23, 35, 12, 36, 22, 13, 35, 37, 17, 38, 14, 39, 20, 19, 40, 14, 16, 15, 38, 41, 38, 17, 16, 42, 43, 18, 44, 16, 45, 46, 36, 17, 18, 43, 47, 30, 47, 48, 18, 21, 21, 49, 19, 50, 40, 51, 20, 52, 49, 21, 51, 53, 35, 23, 22, 54, 55, 29, 56, 22, 57, 58, 52, 23, 27, 26, 24, 49, 59, 60, 61, 24, 33, 25, 62, 60, 63, 50, 50, 26, 53, 64, 65, 27, 28, 66, 30, 63, 66, 28, 67, 64, 29, 55, 46, 59, 46, 45, 29, 65, 31, 30, 68, 69, 68, 67, 31, 70, 34, 62, 32, 38, 69, 41, 41, 32, 62, 34, 33, 71, 72, 37, 73, 33, 42, 74, 70, 34, 75, 76, 77, 35, 36, 56, 45, 57, 56, 36, 55, 76, 37, 72, 58, 55, 58, 57, 37, 77, 39, 78, 79, 45, 79, 80, 39, 40, 78, 39, 81, 62, 51, 40, 49, 61, 41, 69, 69, 43, 70, 82, 42, 44, 74, 42, 83, 46, 44, 84, 43, 68, 84, 44, 48, 85, 48, 47, 84, 66, 50, 63, 63, 47, 64, 53, 86, 48, 83, 87, 74, 51, 52, 73, 57, 79, 73, 52, 72, 87, 65, 71, 53, 74, 54, 88, 89, 75, 89, 77, 54, 56, 88, 54, 76, 58, 61, 90, 59, 83, 60, 59, 91, 72, 91, 92, 60, 81, 90, 61, 92, 80, 86, 93, 64, 90, 71, 65, 93, 78, 67, 68, 66, 94, 92, 91, 90, 67, 82, 70, 87, 91, 93, 86, 71, 73, 77, 89, 75, 88, 76, 75, 88, 89, 81, 85, 78, 82, 80, 79, 85, 86, 85, 81, 80, 95, 87, 83, 82, 93, 95, 94, 94, 84, 94, 95, 95, 92]
 
(96, 334) = [0, 1, 2, 3, 2, 4, 0, 5, 1, 0, 6, 2, 7, 8, 9, 0, 6, 10, 1, 11, 5, 12, 13, 1, 4, 2, 10, 8, 3, 14, 15, 7, 15, 16, 3, 6, 14, 3, 17, 12, 10, 6, 4, 18, 19, 20, 21, 4, 13, 22, 5, 9, 12, 5, 23, 20, 9, 24, 7, 25, 8, 7, 26, 19, 26, 27, 8, 28, 24, 9, 27, 29, 30, 31, 28, 10, 11, 32, 25, 15, 25, 33, 11, 13, 32, 11, 34, 31, 23, 35, 12, 36, 22, 13, 35, 37, 17, 38, 14, 39, 20, 19, 40, 14, 16, 15, 38, 41, 38, 17, 16, 42, 43, 18, 44, 16, 45, 46, 36, 17, 18, 43, 47, 30, 47, 48, 18, 21, 21, 49, 19, 50, 40, 51, 20, 52, 49, 21, 51, 53, 35, 23, 22, 54, 55, 29, 56, 22, 57, 58, 52, 23, 27, 26, 24, 59, 60, 61, 62, 24, 33, 25, 63, 61, 64, 65, 50, 26, 66, 67, 68, 27, 28, 69, 30, 64, 69, 28, 70, 67, 29, 55, 46, 60, 46, 45, 29, 68, 31, 30, 71, 72, 71, 70, 31, 73, 34, 63, 32, 74, 72, 41, 65, 32, 63, 34, 33, 75, 76, 37, 77, 33, 78, 79, 73, 34, 80, 81, 82, 35, 36, 56, 45, 57, 56, 36, 55, 81, 37, 76, 58, 55, 58, 57, 37, 82, 83, 62, 84, 38, 39, 85, 86, 45, 86, 74, 39, 40, 85, 39, 59, 62, 51, 40, 49, 63, 41, 72, 87, 43, 87, 50, 41, 84, 42, 88, 67, 83, 67, 66, 42, 44, 88, 42, 89, 46, 44, 90, 43, 69, 90, 44, 48, 91, 48, 47, 90, 71, 50, 87, 64, 47, 73, 53, 78, 48, 92, 84, 61, 49, 75, 93, 79, 51, 52, 77, 57, 86, 77, 52, 76, 93, 53, 73, 93, 92, 93, 75, 53, 79, 54, 94, 95, 80, 95, 82, 54, 56, 94, 54, 81, 58, 59, 91, 85, 66, 91, 59, 74, 65, 62, 83, 60, 89, 61, 60, 92, 76, 65, 64, 72, 90, 68, 89, 66, 88, 89, 68, 88, 85, 70, 71, 69, 87, 84, 92, 83, 70, 74, 86, 91, 78, 79, 78, 75, 77, 82, 95, 80, 94, 81, 80, 94, 95]
 
(96, 335) = [0, 1, 2, 3, 2, 4, 0, 5, 1, 0, 6, 2, 7, 8, 9, 0, 6, 10, 1, 11, 5, 12, 13, 1, 4, 2, 10, 8, 3, 14, 15, 7, 15, 16, 3, 6, 14, 3, 17, 12, 10, 6, 4, 18, 19, 20, 21, 4, 13, 22, 5, 9, 12, 5, 23, 20, 9, 24, 7, 25, 8, 7, 26, 19, 26, 27, 8, 28, 24, 9, 27, 29, 30, 31, 28, 10, 11, 32, 25, 15, 25, 33, 11, 13, 32, 11, 34, 31, 23, 35, 12, 36, 22, 13, 35, 37, 17, 38, 14, 39, 20, 19, 40, 14, 16, 15, 38, 41, 38, 17, 16, 42, 43, 18, 44, 16, 45, 46, 36, 17, 18, 43, 47, 30, 47, 48, 18, 21, 21, 49, 19, 50, 40, 51, 20, 52, 49, 21, 51, 53, 35, 23, 22, 54, 55, 29, 56, 22, 57, 58, 52, 23, 27, 26, 24, 59, 60, 61, 62, 24, 33, 25, 63, 61, 64, 65, 50, 26, 66, 67, 68, 27, 28, 69, 30, 64, 69, 28, 70, 67, 29, 55, 71, 60, 71, 72, 29, 68, 31, 30, 73, 74, 73, 70, 31, 75, 34, 63, 32, 76, 74, 41, 77, 32, 63, 34, 33, 71, 62, 37, 60, 33, 78, 79, 75, 34, 80, 81, 65, 35, 36, 75, 45, 57, 75, 36, 78, 81, 37, 62, 82, 55, 82, 59, 37, 65, 83, 84, 58, 38, 39, 52, 84, 45, 84, 83, 39, 40, 52, 39, 57, 84, 51, 40, 49, 85, 41, 74, 86, 43, 86, 54, 41, 58, 42, 85, 67, 83, 67, 66, 42, 44, 85, 42, 87, 46, 44, 88, 43, 69, 88, 44, 48, 82, 46, 45, 79, 51, 79, 78, 46, 89, 48, 47, 88, 90, 50, 91, 64, 47, 56, 53, 55, 48, 92, 93, 94, 49, 91, 50, 81, 93, 53, 56, 72, 92, 72, 71, 53, 79, 54, 86, 90, 80, 90, 77, 54, 56, 58, 57, 83, 70, 59, 82, 61, 66, 61, 60, 59, 62, 68, 87, 66, 63, 65, 64, 80, 88, 87, 68, 85, 94, 70, 73, 69, 86, 89, 94, 95, 72, 81, 80, 91, 73, 77, 90, 74, 91, 76, 95, 93, 78, 93, 92, 76, 77, 95, 76, 89, 87, 94, 89, 92, 95]
 
(96, 349) = [0, 1, 2, 3, 2, 4, 0, 5, 1, 0, 6, 7, 8, 9, 9, 0, 6, 10, 1, 11, 12, 13, 14, 1, 4, 2, 10, 15, 16, 17, 13, 2, 3, 18, 18, 8, 18, 3, 3, 13, 10, 6, 4, 19, 20, 21, 22, 4, 5, 23, 24, 16, 24, 7, 5, 9, 23, 5, 25, 21, 26, 27, 28, 6, 7, 24, 29, 12, 29, 25, 7, 28, 9, 8, 8, 30, 31, 32, 33, 10, 11, 34, 35, 26, 35, 36, 11, 14, 34, 11, 37, 32, 14, 38, 12, 39, 13, 12, 16, 40, 38, 14, 17, 41, 15, 42, 43, 20, 43, 44, 15, 33, 42, 15, 45, 17, 17, 16, 38, 46, 40, 30, 30, 18, 19, 47, 48, 31, 48, 49, 19, 22, 47, 19, 50, 27, 22, 51, 20, 52, 21, 20, 53, 54, 53, 55, 21, 47, 51, 22, 55, 56, 25, 29, 23, 57, 54, 46, 58, 23, 30, 40, 40, 24, 50, 59, 47, 25, 28, 60, 26, 61, 27, 26, 62, 53, 62, 63, 27, 64, 60, 28, 63, 59, 61, 65, 39, 29, 33, 41, 31, 36, 32, 31, 66, 55, 66, 67, 32, 68, 41, 33, 67, 69, 37, 52, 34, 70, 55, 53, 51, 34, 36, 35, 52, 43, 39, 71, 61, 35, 52, 37, 36, 48, 72, 73, 68, 37, 69, 74, 75, 38, 71, 39, 76, 74, 67, 66, 41, 45, 45, 77, 42, 78, 46, 54, 79, 42, 44, 43, 77, 71, 77, 45, 44, 80, 74, 69, 81, 44, 79, 82, 46, 75, 49, 48, 59, 73, 59, 50, 49, 82, 83, 56, 84, 49, 57, 75, 64, 50, 85, 70, 70, 51, 58, 86, 54, 62, 56, 83, 87, 85, 87, 80, 56, 66, 64, 81, 57, 58, 75, 57, 69, 65, 86, 58, 82, 84, 63, 62, 60, 88, 82, 79, 86, 60, 65, 61, 78, 79, 89, 90, 73, 63, 81, 64, 74, 90, 78, 76, 65, 67, 68, 91, 72, 87, 91, 68, 90, 76, 70, 85, 85, 72, 76, 78, 71, 92, 73, 72, 89, 83, 93, 92, 92, 77, 80, 87, 94, 93, 94, 84, 80, 81, 84, 94, 83, 95, 95, 88, 88, 86, 88, 95, 95, 89, 90, 89, 91, 94, 92, 93, 93, 91]
 
(96, 351) = [0, 1, 2, 3, 2, 4, 0, 5, 1, 0, 6, 7, 8, 9, 9, 0, 6, 10, 1, 11, 12, 13, 14, 1, 4, 2, 10, 15, 16, 17, 13, 2, 3, 18, 18, 8, 18, 3, 3, 13, 10, 6, 4, 19, 20, 21, 22, 4, 5, 23, 24, 16, 24, 7, 5, 9, 23, 5, 25, 21, 26, 27, 28, 6, 7, 24, 29, 12, 29, 25, 7, 28, 9, 8, 8, 30, 31, 32, 33, 10, 11, 34, 35, 26, 35, 36, 11, 14, 34, 11, 37, 32, 14, 38, 12, 39, 13, 12, 16, 40, 38, 14, 17, 41, 15, 42, 43, 20, 43, 44, 15, 33, 42, 15, 45, 17, 17, 16, 38, 46, 40, 30, 30, 18, 19, 47, 48, 31, 48, 49, 19, 22, 47, 19, 50, 27, 22, 51, 20, 52, 21, 20, 53, 54, 53, 55, 21, 56, 51, 22, 55, 57, 25, 29, 23, 58, 54, 46, 59, 23, 30, 40, 40, 24, 60, 61, 56, 25, 28, 62, 26, 63, 27, 26, 64, 65, 64, 66, 27, 67, 62, 28, 66, 61, 63, 68, 39, 29, 33, 58, 31, 68, 32, 31, 69, 70, 69, 71, 32, 72, 58, 33, 71, 60, 37, 73, 34, 74, 70, 65, 75, 34, 36, 35, 73, 53, 39, 76, 63, 35, 73, 37, 36, 71, 56, 41, 60, 36, 77, 72, 72, 37, 50, 78, 47, 38, 76, 39, 79, 78, 41, 56, 67, 50, 67, 80, 41, 45, 45, 81, 42, 64, 46, 54, 65, 42, 44, 43, 81, 62, 68, 63, 52, 43, 81, 45, 44, 82, 61, 60, 80, 44, 65, 70, 46, 47, 49, 48, 78, 83, 52, 79, 68, 48, 78, 50, 49, 55, 84, 57, 57, 49, 55, 53, 51, 76, 85, 86, 86, 51, 79, 52, 76, 86, 59, 75, 54, 73, 57, 84, 84, 85, 71, 69, 58, 59, 75, 59, 70, 87, 80, 67, 61, 88, 66, 64, 62, 89, 90, 88, 88, 66, 91, 87, 87, 69, 72, 77, 77, 91, 74, 92, 92, 77, 92, 74, 74, 75, 93, 83, 83, 79, 94, 82, 82, 80, 95, 89, 89, 81, 82, 94, 94, 95, 83, 93, 93, 84, 86, 85, 85, 93, 87, 91, 91, 92, 88, 90, 90, 94, 89, 95, 95, 90]
 
(96, 407) = [0, 1, 2, 3, 2, 4, 0, 5, 1, 0, 6, 7, 8, 9, 10, 0, 6, 11, 1, 12, 13, 14, 15, 1, 4, 2, 11, 16, 17, 18, 19, 2, 3, 20, 21, 8, 21, 10, 3, 19, 20, 3, 9, 14, 11, 6, 4, 22, 23, 24, 25, 4, 5, 26, 27, 17, 27, 28, 5, 10, 26, 5, 29, 24, 30, 31, 32, 6, 7, 33, 34, 13, 34, 35, 7, 32, 33, 7, 36, 9, 10, 21, 8, 37, 9, 8, 20, 38, 39, 40, 41, 11, 12, 36, 35, 30, 35, 34, 12, 15, 36, 12, 33, 40, 15, 42, 13, 43, 14, 13, 44, 45, 44, 46, 14, 36, 42, 15, 46, 47, 16, 48, 49, 23, 49, 50, 16, 41, 48, 16, 51, 18, 19, 25, 17, 52, 18, 17, 24, 53, 24, 23, 18, 54, 25, 19, 23, 28, 45, 38, 55, 20, 52, 56, 37, 21, 22, 57, 58, 39, 58, 59, 22, 25, 57, 22, 60, 31, 29, 61, 26, 62, 54, 53, 63, 26, 28, 27, 61, 58, 37, 64, 52, 27, 61, 29, 28, 49, 65, 66, 53, 29, 32, 67, 30, 68, 31, 30, 69, 46, 69, 70, 31, 71, 67, 32, 70, 72, 38, 45, 73, 33, 68, 47, 43, 34, 43, 72, 68, 35, 64, 37, 74, 56, 73, 75, 38, 55, 41, 76, 39, 61, 40, 39, 77, 44, 77, 71, 40, 73, 76, 41, 71, 60, 46, 44, 42, 57, 78, 79, 80, 42, 72, 43, 81, 79, 55, 82, 45, 77, 47, 68, 83, 78, 83, 81, 47, 69, 51, 84, 48, 85, 53, 54, 65, 48, 50, 49, 84, 66, 84, 51, 50, 86, 87, 60, 59, 50, 63, 88, 54, 51, 56, 52, 86, 59, 82, 55, 75, 89, 86, 74, 56, 90, 60, 87, 57, 80, 59, 58, 87, 64, 62, 80, 85, 65, 85, 91, 62, 63, 80, 62, 78, 76, 88, 63, 66, 92, 74, 86, 64, 88, 66, 65, 88, 87, 70, 69, 67, 93, 79, 78, 91, 67, 75, 73, 82, 70, 71, 77, 76, 83, 81, 83, 72, 82, 92, 94, 90, 74, 93, 89, 94, 75, 91, 85, 79, 95, 89, 93, 95, 81, 90, 95, 92, 84, 95, 90, 89, 94, 94, 92, 93, 91]
 
(96, 408) = [0, 1, 2, 3, 2, 4, 0, 5, 1, 0, 6, 7, 8, 9, 10, 0, 6, 11, 1, 12, 13, 14, 15, 1, 4, 2, 11, 16, 17, 18, 19, 2, 3, 20, 21, 8, 21, 10, 3, 19, 20, 3, 9, 14, 11, 6, 4, 22, 23, 24, 25, 4, 5, 26, 27, 17, 27, 28, 5, 10, 26, 5, 29, 24, 30, 31, 32, 6, 7, 33, 34, 13, 34, 35, 7, 32, 33, 7, 36, 9, 10, 21, 8, 37, 9, 8, 20, 38, 39, 40, 41, 11, 12, 42, 24, 30, 24, 23, 12, 15, 42, 12, 43, 40, 15, 44, 13, 26, 14, 13, 45, 46, 45, 47, 14, 36, 44, 15, 47, 48, 16, 48, 49, 23, 49, 50, 16, 41, 48, 16, 51, 18, 19, 52, 17, 53, 18, 17, 54, 44, 54, 55, 18, 56, 52, 19, 55, 28, 46, 38, 57, 20, 53, 58, 37, 21, 22, 59, 60, 39, 60, 61, 22, 25, 59, 22, 62, 31, 25, 43, 23, 63, 43, 25, 42, 64, 29, 56, 26, 34, 28, 27, 56, 51, 37, 65, 53, 27, 56, 29, 28, 66, 32, 67, 30, 29, 31, 30, 68, 69, 68, 70, 31, 71, 67, 32, 70, 45, 36, 66, 33, 67, 38, 46, 72, 33, 35, 34, 66, 55, 66, 36, 35, 54, 47, 45, 44, 35, 65, 37, 73, 58, 72, 74, 38, 57, 41, 75, 39, 76, 40, 39, 77, 78, 77, 79, 40, 80, 75, 41, 79, 81, 78, 69, 82, 42, 83, 84, 80, 43, 57, 85, 46, 70, 55, 54, 52, 47, 51, 86, 48, 52, 50, 49, 86, 87, 76, 88, 63, 49, 86, 51, 50, 65, 89, 81, 90, 50, 58, 53, 91, 86, 85, 57, 74, 92, 91, 73, 58, 93, 62, 87, 59, 88, 69, 78, 94, 59, 61, 60, 87, 91, 63, 90, 76, 60, 87, 62, 61, 89, 93, 64, 84, 61, 95, 94, 71, 62, 90, 63, 89, 84, 64, 93, 92, 83, 92, 80, 64, 82, 73, 91, 65, 90, 70, 68, 67, 72, 79, 77, 75, 68, 94, 95, 69, 75, 71, 82, 95, 79, 82, 71, 78, 85, 74, 72, 85, 77, 84, 83, 93, 73, 80, 92, 83, 74, 88, 76, 81, 95, 81, 89, 88, 94]
 
(96, 410) = [0, 1, 2, 3, 2, 4, 0, 5, 1, 0, 6, 7, 8, 9, 10, 0, 6, 11, 1, 12, 13, 14, 15, 1, 4, 2, 11, 16, 17, 18, 19, 2, 3, 20, 21, 8, 21, 10, 3, 19, 20, 3, 9, 14, 11, 6, 4, 22, 23, 24, 25, 4, 5, 26, 27, 17, 27, 28, 5, 10, 26, 5, 29, 24, 30, 31, 32, 6, 7, 33, 34, 13, 34, 35, 7, 32, 33, 7, 36, 9, 10, 21, 8, 37, 9, 8, 20, 38, 39, 40, 41, 11, 12, 42, 43, 30, 43, 44, 12, 15, 42, 12, 45, 40, 15, 41, 13, 46, 14, 13, 40, 47, 40, 39, 14, 36, 41, 15, 39, 48, 16, 49, 50, 23, 50, 51, 16, 41, 49, 16, 52, 18, 19, 53, 17, 54, 18, 17, 55, 56, 55, 48, 18, 44, 53, 19, 48, 28, 47, 38, 57, 20, 54, 58, 37, 21, 22, 29, 28, 39, 28, 27, 22, 25, 29, 22, 26, 31, 25, 59, 23, 53, 24, 23, 60, 61, 60, 62, 24, 35, 59, 25, 62, 63, 61, 56, 64, 26, 37, 63, 54, 27, 65, 36, 35, 29, 32, 66, 30, 67, 31, 30, 68, 65, 68, 69, 31, 64, 66, 32, 69, 62, 36, 65, 33, 42, 38, 47, 70, 33, 35, 34, 65, 71, 67, 72, 46, 34, 63, 37, 73, 58, 70, 74, 38, 57, 45, 75, 42, 70, 44, 43, 75, 76, 46, 77, 67, 43, 75, 45, 44, 52, 57, 78, 47, 45, 77, 46, 79, 51, 48, 55, 53, 50, 52, 80, 49, 81, 56, 61, 82, 49, 51, 50, 80, 83, 80, 52, 51, 78, 58, 54, 84, 59, 76, 83, 85, 55, 82, 86, 56, 85, 78, 57, 74, 87, 84, 73, 58, 88, 62, 60, 59, 86, 71, 85, 89, 60, 64, 90, 61, 89, 73, 84, 63, 69, 90, 64, 86, 84, 69, 68, 66, 91, 86, 82, 90, 66, 72, 67, 81, 82, 89, 92, 71, 68, 74, 70, 78, 79, 85, 71, 76, 72, 81, 79, 72, 75, 91, 93, 88, 73, 94, 87, 93, 74, 83, 76, 92, 77, 79, 81, 77, 94, 87, 94, 95, 80, 92, 89, 83, 95, 95, 88, 87, 93, 88, 95, 91, 90, 93, 91, 94, 92]
 
(96, 428) = [0, 1, 2, 3, 2, 4, 0, 5, 1, 0, 6, 7, 8, 9, 10, 0, 6, 11, 1, 12, 13, 14, 15, 1, 4, 2, 11, 16, 17, 18, 19, 2, 3, 20, 21, 8, 21, 22, 3, 19, 20, 3, 23, 14, 11, 6, 4, 24, 25, 15, 26, 4, 5, 27, 28, 17, 28, 29, 5, 10, 27, 5, 12, 15, 30, 31, 32, 6, 7, 33, 34, 13, 34, 35, 7, 32, 33, 7, 36, 9, 10, 37, 8, 38, 9, 8, 39, 40, 39, 41, 9, 42, 37, 10, 41, 23, 43, 44, 45, 11, 12, 46, 27, 30, 46, 12, 29, 44, 15, 25, 13, 47, 14, 13, 48, 49, 48, 26, 14, 41, 16, 50, 31, 25, 31, 30, 16, 45, 50, 16, 51, 18, 19, 52, 17, 53, 18, 17, 54, 55, 54, 56, 18, 57, 52, 19, 56, 58, 23, 59, 20, 60, 49, 40, 61, 20, 22, 21, 59, 62, 53, 63, 38, 21, 59, 23, 22, 29, 64, 58, 44, 22, 24, 65, 66, 43, 66, 42, 24, 26, 65, 24, 67, 31, 26, 48, 25, 67, 47, 55, 68, 27, 29, 28, 46, 56, 38, 57, 53, 28, 32, 51, 30, 68, 51, 32, 50, 69, 36, 70, 33, 71, 40, 49, 72, 33, 35, 34, 70, 73, 68, 74, 47, 34, 70, 36, 35, 48, 61, 69, 49, 35, 75, 67, 42, 36, 41, 39, 37, 70, 60, 76, 73, 37, 57, 38, 77, 76, 78, 71, 79, 39, 72, 80, 40, 79, 42, 66, 75, 78, 45, 81, 43, 65, 44, 43, 64, 81, 81, 45, 58, 46, 55, 47, 82, 50, 77, 83, 57, 51, 56, 54, 52, 59, 84, 85, 62, 52, 63, 53, 83, 85, 76, 60, 86, 54, 82, 87, 55, 86, 58, 64, 81, 84, 73, 88, 60, 61, 69, 61, 80, 77, 62, 89, 84, 64, 89, 62, 90, 63, 83, 77, 63, 88, 67, 75, 65, 66, 74, 68, 87, 83, 80, 72, 69, 82, 71, 78, 91, 75, 91, 92, 71, 72, 88, 73, 93, 74, 87, 82, 74, 92, 86, 93, 76, 80, 79, 94, 78, 91, 94, 79, 92, 93, 85, 84, 95, 89, 95, 90, 85, 87, 93, 86, 88, 90, 90, 95, 89, 94, 92, 91, 94, 95]
 
(96, 447) = [0, 1, 2, 3, 2, 4, 0, 5, 1, 0, 6, 7, 8, 9, 10, 0, 6, 11, 1, 12, 13, 14, 15, 1, 4, 2, 11, 16, 17, 18, 19, 2, 3, 20, 21, 8, 21, 22, 3, 19, 20, 3, 23, 14, 11, 6, 4, 24, 25, 26, 27, 4, 5, 28, 26, 17, 26, 25, 5, 10, 28, 5, 29, 26, 30, 31, 32, 6, 7, 33, 34, 13, 34, 35, 7, 32, 33, 7, 36, 9, 10, 37, 8, 28, 9, 8, 38, 39, 38, 40, 9, 41, 37, 10, 40, 42, 43, 44, 45, 11, 12, 46, 14, 30, 14, 13, 12, 15, 46, 12, 39, 44, 15, 39, 13, 20, 39, 15, 46, 33, 16, 42, 47, 25, 47, 48, 16, 45, 42, 16, 49, 18, 19, 50, 17, 29, 18, 17, 51, 37, 51, 52, 18, 53, 50, 19, 52, 54, 23, 55, 20, 34, 22, 21, 55, 56, 29, 27, 28, 21, 55, 23, 22, 57, 58, 54, 59, 22, 32, 60, 30, 23, 24, 61, 62, 43, 62, 56, 24, 27, 61, 24, 63, 31, 27, 29, 25, 64, 31, 30, 65, 66, 65, 67, 31, 68, 60, 32, 67, 69, 36, 70, 33, 71, 35, 34, 70, 72, 70, 36, 35, 73, 74, 69, 75, 35, 76, 59, 41, 36, 40, 38, 37, 77, 78, 79, 44, 38, 80, 81, 82, 40, 41, 83, 76, 78, 83, 41, 54, 81, 49, 84, 42, 82, 45, 85, 43, 86, 44, 43, 78, 87, 85, 45, 79, 88, 87, 66, 71, 46, 48, 47, 84, 70, 86, 71, 64, 47, 84, 49, 48, 67, 73, 88, 69, 48, 89, 68, 53, 49, 52, 51, 50, 65, 90, 64, 66, 50, 91, 92, 77, 51, 68, 89, 81, 52, 53, 82, 89, 91, 82, 53, 80, 89, 54, 58, 83, 90, 93, 72, 94, 55, 56, 62, 95, 58, 95, 63, 56, 94, 57, 75, 88, 93, 88, 73, 57, 59, 75, 57, 74, 60, 59, 76, 58, 85, 67, 65, 60, 92, 63, 95, 61, 83, 66, 87, 90, 61, 64, 90, 86, 62, 81, 80, 68, 63, 69, 74, 73, 75, 71, 86, 87, 76, 72, 93, 92, 74, 92, 91, 72, 84, 77, 94, 91, 80, 94, 77, 93, 79, 79, 78, 85, 95]
 
(96, 457) = [0, 1, 2, 3, 2, 4, 0, 5, 1, 0, 6, 7, 8, 9, 10, 0, 6, 11, 1, 12, 13, 14, 15, 1, 4, 2, 11, 16, 17, 18, 19, 2, 3, 20, 21, 8, 21, 22, 3, 19, 20, 3, 23, 14, 11, 6, 4, 24, 25, 26, 27, 4, 5, 28, 29, 17, 29, 30, 5, 10, 28, 5, 31, 26, 31, 32, 28, 6, 7, 33, 34, 13, 34, 35, 7, 28, 33, 7, 36, 9, 10, 37, 8, 38, 9, 8, 39, 40, 39, 41, 9, 42, 37, 10, 41, 23, 43, 44, 45, 11, 12, 36, 35, 31, 35, 34, 12, 15, 36, 12, 33, 44, 15, 16, 13, 18, 14, 13, 46, 47, 46, 48, 14, 41, 16, 15, 48, 25, 48, 46, 16, 45, 19, 27, 17, 49, 18, 17, 26, 35, 26, 25, 18, 34, 27, 19, 25, 50, 23, 51, 20, 52, 47, 40, 53, 20, 22, 21, 51, 54, 49, 55, 38, 21, 51, 23, 22, 30, 56, 50, 57, 22, 24, 58, 59, 43, 59, 60, 24, 27, 58, 24, 61, 32, 30, 29, 32, 62, 38, 63, 49, 29, 32, 31, 30, 57, 40, 47, 64, 33, 65, 57, 42, 36, 41, 39, 37, 66, 52, 67, 68, 37, 63, 38, 69, 67, 70, 71, 72, 39, 64, 73, 40, 72, 42, 74, 65, 70, 74, 42, 50, 48, 45, 75, 43, 74, 44, 43, 76, 65, 76, 77, 44, 64, 75, 45, 77, 78, 66, 78, 79, 46, 53, 80, 47, 79, 55, 49, 81, 60, 50, 56, 74, 59, 62, 82, 83, 51, 68, 84, 52, 53, 67, 52, 85, 82, 80, 53, 73, 86, 54, 87, 88, 56, 88, 72, 54, 83, 87, 54, 71, 55, 81, 69, 55, 89, 57, 65, 56, 58, 61, 90, 58, 88, 60, 59, 90, 87, 90, 61, 60, 91, 83, 92, 62, 61, 82, 62, 93, 63, 69, 81, 63, 94, 73, 64, 80, 85, 79, 94, 66, 68, 78, 66, 89, 71, 85, 91, 67, 92, 84, 68, 91, 81, 95, 93, 92, 69, 72, 88, 70, 76, 71, 70, 87, 75, 92, 83, 95, 73, 77, 76, 75, 90, 91, 85, 84, 77, 89, 86, 78, 84, 94, 79, 86, 95, 93, 95, 82, 80, 86, 89, 94, 93]
 
(96, 463) = [0, 1, 2, 3, 2, 4, 0, 5, 1, 0, 6, 7, 8, 9, 10, 0, 6, 11, 1, 12, 13, 14, 15, 1, 4, 2, 11, 16, 17, 18, 19, 2, 3, 20, 21, 8, 21, 22, 3, 19, 20, 3, 23, 14, 11, 6, 4, 24, 25, 26, 27, 4, 5, 28, 29, 17, 29, 30, 5, 10, 28, 5, 31, 26, 32, 33, 34, 6, 7, 35, 18, 13, 18, 17, 7, 34, 35, 7, 36, 9, 10, 37, 8, 38, 9, 8, 39, 40, 39, 41, 9, 42, 37, 10, 41, 23, 43, 44, 45, 11, 12, 46, 47, 32, 47, 48, 12, 15, 46, 12, 40, 44, 15, 49, 13, 50, 14, 13, 51, 52, 51, 53, 14, 41, 49, 15, 53, 54, 16, 55, 56, 25, 56, 57, 16, 45, 55, 16, 50, 18, 19, 36, 17, 58, 36, 19, 35, 59, 23, 60, 20, 61, 52, 40, 48, 20, 22, 21, 60, 62, 58, 27, 38, 21, 60, 23, 22, 30, 63, 59, 64, 22, 24, 65, 66, 43, 66, 62, 24, 27, 65, 24, 67, 33, 27, 58, 25, 68, 26, 25, 69, 70, 69, 38, 26, 71, 31, 72, 28, 57, 70, 34, 73, 28, 30, 29, 72, 74, 38, 69, 58, 29, 72, 31, 30, 64, 75, 76, 71, 31, 34, 70, 32, 55, 33, 32, 77, 78, 77, 73, 33, 49, 40, 52, 46, 35, 79, 68, 42, 36, 41, 39, 37, 80, 61, 71, 81, 37, 82, 83, 44, 39, 42, 84, 79, 82, 84, 42, 85, 53, 45, 86, 43, 87, 44, 43, 82, 88, 86, 45, 83, 72, 88, 78, 59, 46, 48, 47, 52, 89, 50, 90, 55, 47, 81, 54, 61, 48, 53, 51, 49, 67, 90, 50, 57, 73, 80, 91, 89, 51, 54, 81, 76, 77, 76, 75, 54, 85, 57, 56, 90, 75, 87, 85, 68, 56, 59, 63, 88, 79, 74, 92, 91, 60, 71, 61, 75, 92, 62, 66, 93, 63, 93, 67, 62, 91, 64, 94, 63, 86, 94, 64, 78, 76, 67, 93, 65, 84, 78, 88, 94, 65, 68, 79, 87, 66, 92, 74, 95, 69, 73, 77, 70, 95, 91, 80, 74, 83, 89, 95, 80, 81, 83, 82, 86, 93, 85, 87, 84, 94, 95, 89, 92, 90]
 
(96, 471) = [0, 1, 2, 3, 2, 4, 0, 5, 1, 0, 6, 7, 8, 9, 10, 0, 6, 11, 1, 12, 13, 14, 15, 1, 4, 2, 11, 16, 17, 18, 19, 2, 3, 20, 21, 8, 21, 22, 3, 19, 20, 3, 23, 14, 11, 6, 4, 24, 25, 26, 27, 4, 5, 28, 29, 17, 29, 30, 5, 10, 28, 5, 31, 26, 32, 33, 34, 6, 7, 35, 18, 13, 18, 17, 7, 34, 35, 7, 36, 9, 10, 37, 8, 38, 9, 8, 39, 40, 39, 41, 9, 42, 37, 10, 41, 43, 44, 45, 46, 11, 12, 47, 48, 32, 48, 49, 12, 15, 47, 12, 50, 45, 15, 51, 13, 52, 14, 13, 53, 54, 53, 55, 14, 56, 51, 15, 55, 57, 16, 58, 59, 25, 59, 60, 16, 46, 58, 16, 52, 18, 19, 36, 17, 61, 36, 19, 35, 62, 23, 57, 20, 49, 54, 40, 63, 20, 22, 21, 57, 64, 61, 65, 38, 21, 57, 23, 22, 50, 66, 62, 45, 22, 67, 63, 56, 23, 24, 68, 69, 44, 69, 42, 24, 27, 68, 24, 70, 33, 27, 71, 25, 72, 26, 25, 73, 74, 73, 75, 26, 37, 71, 27, 75, 41, 31, 76, 28, 71, 74, 34, 77, 28, 30, 29, 76, 78, 38, 79, 61, 29, 76, 31, 30, 80, 81, 43, 65, 30, 41, 39, 37, 31, 34, 74, 32, 58, 33, 32, 78, 82, 78, 77, 33, 81, 40, 54, 83, 35, 84, 70, 42, 36, 79, 38, 43, 75, 85, 80, 86, 39, 83, 56, 40, 86, 42, 69, 84, 85, 43, 81, 79, 73, 46, 87, 44, 88, 45, 44, 66, 89, 87, 46, 62, 83, 50, 90, 47, 51, 89, 82, 91, 47, 49, 48, 90, 67, 52, 92, 58, 48, 90, 50, 49, 63, 55, 53, 51, 91, 92, 52, 60, 90, 60, 59, 92, 53, 63, 67, 54, 92, 93, 86, 64, 55, 56, 83, 67, 60, 88, 91, 72, 59, 65, 61, 81, 70, 62, 66, 87, 84, 64, 94, 93, 66, 94, 64, 80, 65, 70, 84, 68, 94, 82, 89, 95, 68, 72, 95, 88, 69, 75, 73, 71, 77, 95, 72, 82, 76, 77, 78, 74, 79, 80, 85, 94, 95, 86, 93, 85, 87, 91, 88, 89, 93]
 
(96, 490) = [1, 0, 0, 2, 0, 1, 1, 3, 4, 5, 6, 0, 7, 8, 9, 1, 2, 10, 11, 7, 11, 12, 2, 6, 10, 2, 13, 5, 3, 14, 15, 4, 15, 16, 3, 9, 14, 3, 17, 8, 6, 18, 4, 19, 5, 4, 20, 21, 20, 22, 5, 23, 18, 6, 22, 24, 9, 25, 7, 26, 8, 7, 27, 28, 27, 29, 8, 30, 25, 9, 29, 31, 13, 32, 10, 33, 21, 28, 34, 10, 12, 11, 32, 35, 19, 36, 26, 11, 32, 13, 12, 37, 38, 24, 39, 12, 40, 34, 23, 13, 17, 41, 14, 42, 28, 21, 43, 14, 16, 15, 41, 44, 26, 39, 19, 15, 41, 17, 16, 45, 46, 31, 47, 16, 48, 47, 30, 17, 22, 20, 18, 49, 50, 51, 52, 18, 36, 19, 24, 51, 53, 54, 55, 20, 34, 40, 21, 55, 56, 57, 51, 22, 23, 43, 40, 53, 43, 23, 28, 57, 24, 38, 36, 50, 29, 27, 25, 58, 59, 60, 61, 25, 39, 26, 38, 60, 62, 52, 57, 27, 63, 64, 64, 29, 30, 65, 48, 62, 65, 30, 31, 64, 31, 46, 65, 59, 66, 67, 68, 32, 33, 69, 70, 40, 70, 37, 33, 34, 69, 33, 44, 67, 35, 71, 72, 38, 72, 73, 35, 68, 71, 35, 74, 36, 37, 70, 75, 66, 75, 44, 37, 39, 76, 77, 67, 41, 42, 78, 79, 48, 79, 80, 42, 43, 78, 42, 81, 77, 44, 75, 69, 46, 45, 82, 82, 76, 82, 45, 45, 47, 47, 48, 46, 83, 49, 84, 85, 56, 85, 58, 49, 52, 84, 49, 86, 54, 52, 62, 50, 74, 51, 50, 56, 71, 55, 87, 53, 70, 54, 53, 88, 80, 88, 83, 54, 78, 87, 55, 83, 69, 57, 56, 62, 79, 58, 85, 89, 63, 89, 86, 58, 61, 61, 90, 59, 73, 60, 59, 91, 75, 91, 92, 60, 72, 90, 61, 92, 93, 64, 63, 63, 94, 94, 74, 73, 65, 68, 95, 66, 91, 67, 66, 76, 87, 95, 68, 77, 90, 74, 94, 71, 85, 73, 72, 94, 89, 77, 76, 95, 88, 81, 93, 78, 86, 80, 79, 93, 84, 93, 81, 80, 95, 92, 91, 90, 81, 83, 88, 87, 82, 86, 89, 84, 92]
 
(96, 523) = [1, 2, 2, 3, 0, 4, 4, 5, 4, 0, 0, 6, 7, 8, 8, 0, 2, 1, 1, 9, 10, 11, 12, 1, 13, 14, 14, 2, 3, 15, 15, 10, 15, 3, 3, 14, 16, 17, 18, 4, 5, 19, 20, 7, 20, 21, 5, 18, 19, 5, 22, 17, 6, 23, 23, 16, 23, 6, 6, 8, 8, 7, 7, 24, 9, 25, 26, 13, 26, 27, 9, 12, 25, 9, 28, 11, 12, 29, 10, 30, 11, 10, 31, 32, 31, 33, 11, 34, 29, 12, 33, 35, 14, 13, 13, 36, 36, 32, 30, 15, 18, 37, 16, 38, 17, 16, 39, 40, 39, 41, 17, 42, 37, 18, 41, 43, 22, 44, 19, 37, 40, 24, 45, 19, 21, 20, 44, 46, 38, 47, 24, 20, 44, 22, 21, 48, 49, 43, 50, 21, 43, 49, 42, 22, 24, 40, 38, 23, 28, 51, 25, 29, 32, 36, 52, 25, 27, 26, 51, 53, 30, 54, 36, 26, 51, 28, 27, 55, 56, 35, 57, 27, 35, 56, 34, 28, 33, 31, 29, 52, 54, 30, 58, 51, 59, 60, 61, 31, 52, 58, 32, 61, 61, 62, 59, 33, 34, 63, 35, 59, 63, 34, 64, 62, 41, 39, 37, 45, 47, 38, 65, 44, 66, 67, 68, 39, 45, 65, 40, 68, 68, 69, 66, 41, 42, 70, 43, 66, 70, 42, 71, 69, 65, 45, 47, 67, 46, 48, 72, 49, 72, 73, 46, 65, 48, 46, 74, 47, 74, 75, 48, 50, 50, 71, 49, 76, 71, 50, 70, 77, 58, 52, 54, 60, 53, 55, 78, 56, 78, 79, 53, 58, 55, 53, 80, 54, 80, 81, 55, 57, 57, 64, 56, 82, 64, 57, 63, 83, 60, 59, 82, 78, 82, 84, 60, 80, 62, 61, 84, 79, 84, 82, 62, 85, 79, 78, 81, 63, 86, 85, 85, 64, 67, 66, 76, 72, 76, 87, 67, 74, 69, 68, 87, 73, 87, 76, 69, 88, 73, 72, 75, 70, 89, 88, 88, 71, 75, 74, 73, 90, 91, 77, 77, 75, 77, 91, 91, 89, 81, 80, 79, 92, 93, 83, 83, 81, 83, 93, 93, 86, 94, 92, 92, 84, 85, 86, 86, 94, 95, 90, 90, 87, 88, 89, 89, 95, 90, 95, 95, 91, 92, 94, 94, 93]
 
(96, 531) = [1, 2, 3, 4, 0, 4, 5, 6, 5, 7, 0, 8, 4, 0, 9, 10, 3, 11, 1, 0, 2, 1, 12, 13, 10, 14, 8, 1, 12, 15, 2, 16, 17, 6, 18, 2, 11, 3, 15, 19, 6, 17, 20, 3, 9, 21, 4, 20, 7, 5, 21, 22, 23, 24, 25, 5, 20, 26, 6, 25, 21, 9, 7, 27, 28, 29, 30, 7, 8, 31, 10, 23, 31, 8, 32, 29, 25, 33, 23, 9, 14, 10, 34, 11, 15, 12, 11, 35, 36, 37, 38, 12, 13, 19, 39, 17, 39, 40, 13, 38, 19, 13, 41, 14, 34, 32, 14, 42, 43, 44, 45, 15, 16, 46, 47, 36, 47, 30, 16, 18, 46, 16, 29, 44, 18, 48, 17, 49, 48, 18, 26, 50, 41, 51, 19, 45, 26, 20, 48, 52, 53, 52, 54, 21, 22, 55, 56, 28, 56, 38, 22, 54, 55, 22, 37, 24, 24, 23, 57, 58, 57, 59, 24, 60, 33, 25, 59, 61, 62, 61, 63, 26, 27, 63, 64, 53, 64, 50, 27, 30, 63, 27, 62, 33, 30, 47, 28, 65, 29, 28, 46, 66, 32, 34, 31, 67, 66, 58, 68, 31, 69, 70, 44, 32, 59, 57, 33, 71, 72, 73, 35, 34, 35, 74, 72, 43, 74, 35, 60, 37, 38, 56, 36, 75, 37, 36, 55, 76, 40, 39, 51, 77, 75, 68, 49, 39, 51, 41, 40, 78, 79, 54, 80, 40, 70, 69, 42, 41, 42, 45, 70, 72, 45, 42, 43, 70, 44, 43, 69, 81, 81, 76, 82, 46, 49, 83, 75, 47, 84, 85, 86, 48, 83, 49, 58, 85, 50, 64, 61, 84, 61, 62, 50, 63, 73, 72, 87, 51, 52, 53, 71, 62, 71, 80, 52, 86, 54, 79, 53, 88, 58, 66, 83, 55, 88, 82, 65, 56, 89, 90, 85, 57, 86, 91, 84, 59, 60, 87, 74, 89, 87, 60, 73, 91, 65, 92, 88, 64, 92, 65, 76, 83, 68, 75, 66, 82, 67, 78, 93, 69, 93, 77, 67, 68, 78, 67, 94, 73, 80, 71, 79, 90, 76, 81, 92, 74, 77, 93, 95, 79, 95, 94, 77, 87, 94, 95, 78, 80, 82, 88, 81, 93, 85, 84, 89, 92, 91, 86, 90, 95, 90, 89, 91, 94]
 
(96, 545) = [1, 2, 3, 4, 0, 5, 6, 7, 6, 3, 0, 8, 5, 0, 2, 9, 10, 11, 12, 0, 3, 6, 1, 13, 2, 1, 5, 14, 15, 16, 17, 1, 18, 19, 20, 2, 21, 22, 23, 3, 4, 24, 25, 15, 25, 12, 4, 23, 24, 4, 11, 19, 26, 27, 28, 5, 29, 30, 31, 6, 7, 32, 33, 10, 33, 34, 7, 31, 32, 7, 35, 27, 8, 36, 37, 29, 37, 20, 8, 12, 36, 8, 19, 22, 9, 38, 39, 26, 39, 23, 9, 20, 38, 9, 22, 11, 12, 25, 10, 40, 11, 10, 24, 41, 13, 42, 43, 21, 43, 44, 13, 17, 42, 13, 45, 30, 14, 46, 47, 18, 47, 48, 14, 28, 46, 14, 49, 16, 17, 50, 15, 51, 16, 15, 52, 53, 52, 54, 16, 55, 50, 17, 54, 56, 20, 37, 18, 57, 19, 18, 36, 58, 23, 39, 21, 59, 22, 21, 38, 60, 58, 53, 61, 24, 59, 62, 51, 25, 28, 63, 26, 64, 27, 26, 65, 66, 65, 67, 27, 68, 63, 28, 67, 69, 31, 70, 29, 71, 30, 29, 72, 73, 72, 74, 30, 75, 70, 31, 74, 76, 35, 77, 32, 78, 66, 41, 79, 32, 34, 33, 77, 80, 71, 81, 40, 33, 77, 35, 34, 82, 83, 76, 84, 34, 85, 86, 68, 35, 60, 73, 87, 36, 40, 88, 71, 37, 41, 66, 89, 38, 57, 84, 64, 39, 88, 40, 90, 62, 89, 75, 41, 61, 45, 80, 42, 81, 73, 60, 91, 42, 44, 43, 80, 92, 51, 93, 59, 43, 80, 45, 44, 83, 90, 56, 88, 44, 94, 79, 75, 45, 49, 92, 46, 93, 53, 58, 86, 46, 48, 47, 92, 77, 64, 78, 57, 47, 92, 49, 48, 90, 82, 69, 62, 48, 95, 91, 55, 49, 54, 52, 50, 72, 91, 95, 73, 50, 93, 51, 69, 95, 67, 65, 63, 52, 86, 85, 53, 63, 75, 89, 94, 54, 55, 87, 95, 67, 87, 55, 60, 89, 56, 90, 81, 91, 81, 71, 56, 94, 84, 57, 83, 88, 61, 68, 58, 87, 62, 59, 82, 84, 68, 61, 85, 74, 78, 64, 76, 85, 74, 72, 70, 65, 79, 94, 66, 70, 69, 82, 93, 86, 76, 83, 78, 79]
 
(96, 557) = [1, 2, 3, 4, 0, 5, 6, 7, 6, 8, 0, 9, 5, 0, 7, 10, 11, 12, 13, 0, 3, 14, 1, 15, 2, 1, 16, 17, 14, 3, 18, 1, 16, 18, 2, 19, 20, 21, 22, 2, 23, 17, 24, 3, 4, 25, 26, 14, 26, 27, 4, 24, 25, 4, 28, 21, 7, 29, 5, 11, 30, 31, 32, 5, 8, 6, 29, 33, 34, 35, 10, 6, 29, 7, 8, 31, 36, 37, 38, 8, 9, 39, 40, 34, 40, 41, 9, 13, 39, 9, 42, 37, 10, 43, 34, 30, 43, 10, 44, 12, 13, 45, 11, 32, 12, 11, 46, 47, 46, 48, 12, 49, 45, 13, 48, 50, 18, 16, 14, 51, 15, 52, 53, 23, 53, 54, 15, 18, 52, 15, 55, 25, 56, 57, 58, 16, 17, 23, 59, 20, 59, 60, 17, 58, 19, 61, 62, 56, 62, 58, 19, 22, 61, 19, 57, 54, 22, 63, 20, 64, 21, 20, 65, 52, 65, 66, 21, 67, 63, 22, 66, 60, 24, 67, 23, 68, 67, 24, 60, 69, 28, 70, 25, 63, 27, 26, 70, 71, 68, 72, 51, 26, 70, 28, 27, 73, 74, 69, 75, 27, 60, 59, 67, 28, 76, 47, 77, 29, 32, 78, 30, 40, 31, 30, 79, 76, 79, 80, 31, 38, 78, 32, 80, 81, 33, 82, 83, 36, 83, 38, 33, 77, 82, 33, 37, 35, 35, 34, 50, 84, 50, 44, 35, 42, 38, 83, 36, 85, 37, 36, 82, 86, 42, 81, 39, 45, 86, 84, 87, 39, 41, 40, 81, 88, 81, 42, 41, 89, 44, 50, 43, 41, 47, 76, 89, 43, 88, 89, 49, 44, 48, 46, 45, 87, 80, 79, 78, 46, 89, 88, 47, 78, 90, 91, 84, 48, 49, 77, 88, 80, 77, 49, 76, 91, 51, 75, 68, 53, 75, 51, 74, 57, 55, 71, 52, 72, 54, 53, 71, 92, 71, 55, 54, 74, 66, 65, 63, 55, 58, 62, 56, 93, 57, 56, 61, 94, 93, 73, 64, 59, 92, 94, 95, 61, 64, 95, 93, 62, 95, 64, 92, 70, 69, 74, 72, 65, 72, 68, 69, 66, 73, 93, 94, 95, 94, 92, 73, 75, 85, 87, 91, 79, 84, 86, 90, 82, 91, 90, 85, 83, 87, 85, 86, 90]
 
(96, 558) = [1, 2, 3, 4, 0, 5, 6, 7, 6, 8, 0, 9, 5, 0, 7, 10, 11, 12, 13, 0, 3, 14, 1, 15, 2, 1, 16, 17, 14, 3, 18, 1, 16, 18, 2, 19, 20, 21, 22, 2, 23, 17, 24, 3, 4, 25, 26, 14, 26, 27, 4, 24, 25, 4, 28, 21, 7, 29, 5, 11, 30, 31, 32, 5, 8, 6, 29, 33, 34, 35, 10, 6, 29, 7, 8, 31, 36, 37, 38, 8, 9, 39, 40, 34, 40, 41, 9, 13, 39, 9, 42, 37, 10, 43, 34, 30, 43, 10, 44, 12, 13, 45, 11, 32, 12, 11, 46, 47, 46, 48, 12, 49, 45, 13, 48, 50, 18, 16, 14, 51, 15, 52, 53, 23, 53, 54, 15, 18, 52, 15, 55, 25, 56, 57, 58, 16, 17, 23, 59, 20, 59, 60, 17, 58, 19, 61, 62, 56, 62, 63, 19, 22, 61, 19, 64, 54, 22, 51, 20, 57, 21, 20, 65, 52, 65, 66, 21, 67, 51, 22, 66, 53, 24, 68, 23, 66, 68, 24, 60, 55, 28, 69, 25, 60, 27, 26, 69, 70, 66, 65, 51, 26, 69, 28, 27, 64, 71, 55, 54, 27, 72, 73, 67, 28, 42, 47, 39, 29, 32, 74, 30, 40, 31, 30, 75, 42, 75, 49, 31, 38, 74, 32, 49, 44, 33, 76, 77, 36, 77, 78, 33, 39, 76, 33, 79, 35, 35, 34, 80, 78, 80, 44, 35, 45, 38, 81, 36, 82, 37, 36, 82, 77, 82, 83, 37, 75, 81, 38, 83, 48, 41, 40, 47, 84, 47, 42, 41, 43, 85, 50, 86, 41, 44, 80, 43, 86, 48, 46, 45, 79, 87, 88, 84, 46, 49, 75, 74, 87, 50, 85, 88, 80, 88, 87, 50, 83, 55, 71, 52, 89, 54, 53, 71, 63, 58, 90, 56, 91, 57, 56, 91, 62, 91, 92, 57, 59, 90, 58, 92, 69, 60, 59, 68, 72, 64, 93, 61, 90, 63, 62, 93, 61, 93, 64, 63, 73, 94, 70, 89, 65, 67, 89, 72, 94, 89, 67, 94, 68, 70, 94, 73, 71, 73, 72, 70, 92, 86, 84, 85, 74, 79, 95, 76, 81, 78, 77, 95, 76, 95, 79, 78, 88, 83, 82, 81, 95, 84, 86, 87, 85, 92, 91, 90, 93]
 
