(14, 0) = [0, 1, 2, 3, 2, 4, 0, 2, 1, 0, 5, 1, 6, 3, 3, 0, 5, 7, 1, 8, 4, 2, 7, 9, 3, 6, 6, 6, 7, 5, 4, 10, 11, 9, 11, 4, 12, 13, 8, 5, 13, 12, 13, 7, 8, 8, 12, 12, 9, 11, 10, 11, 10, 10, 9, 13]
 
(28, 4) = [0, 1, 2, 3, 2, 4, 0, 2, 1, 0, 5, 1, 6, 3, 3, 0, 5, 7, 1, 8, 4, 2, 7, 9, 3, 6, 6, 6, 7, 5, 4, 10, 11, 9, 12, 4, 13, 14, 8, 5, 15, 16, 14, 7, 8, 17, 13, 13, 17, 8, 16, 16, 9, 11, 18, 11, 18, 10, 9, 14, 10, 18, 19, 15, 19, 12, 10, 12, 12, 19, 11, 20, 14, 13, 15, 21, 16, 15, 17, 22, 22, 21, 23, 17, 21, 22, 20, 18, 20, 24, 21, 19, 24, 20, 25, 24, 23, 25, 22, 23, 25, 23, 24, 26, 27, 26, 26, 25, 26, 27, 27, 27]
 
(28, 7) = [1, 1, 2, 2, 0, 3, 0, 4, 3, 0, 5, 0, 2, 6, 1, 7, 7, 8, 9, 1, 6, 2, 6, 8, 5, 5, 3, 10, 4, 11, 12, 3, 12, 13, 4, 5, 11, 4, 14, 11, 15, 15, 16, 6, 9, 17, 7, 9, 8, 7, 18, 15, 18, 19, 8, 16, 17, 9, 19, 20, 10, 21, 10, 12, 21, 10, 22, 13, 14, 23, 11, 24, 13, 12, 23, 22, 23, 14, 13, 23, 25, 24, 24, 14, 16, 26, 15, 26, 26, 16, 26, 18, 19, 18, 17, 19, 27, 20, 20, 17, 20, 27, 27, 27, 22, 22, 21, 21, 24, 25, 25, 25]
 
(28, 9) = [1, 2, 2, 2, 0, 3, 3, 4, 3, 0, 0, 0, 2, 1, 1, 5, 5, 6, 7, 1, 4, 8, 9, 3, 9, 10, 4, 9, 8, 4, 11, 8, 7, 12, 5, 7, 6, 5, 13, 6, 13, 14, 6, 15, 12, 7, 14, 16, 11, 17, 8, 18, 10, 9, 17, 19, 17, 11, 10, 20, 21, 19, 22, 10, 23, 24, 18, 11, 14, 13, 12, 25, 22, 16, 21, 12, 26, 27, 15, 13, 24, 23, 27, 14, 15, 18, 26, 26, 18, 15, 23, 23, 16, 22, 20, 22, 20, 25, 16, 27, 27, 26, 24, 17, 19, 21, 25, 21, 25, 20, 19, 24]
 
(42, 17) = [0, 1, 2, 3, 2, 4, 0, 5, 1, 0, 6, 7, 8, 9, 8, 0, 6, 10, 1, 11, 9, 8, 12, 1, 4, 2, 10, 13, 14, 15, 14, 2, 3, 3, 5, 8, 5, 16, 3, 14, 10, 6, 4, 17, 18, 19, 20, 4, 16, 5, 16, 19, 21, 20, 22, 6, 7, 7, 23, 9, 23, 24, 7, 22, 12, 12, 9, 25, 26, 27, 27, 10, 11, 28, 29, 21, 29, 30, 11, 12, 28, 11, 13, 27, 13, 31, 28, 18, 31, 13, 30, 15, 15, 14, 32, 33, 32, 32, 15, 34, 35, 33, 36, 16, 17, 37, 37, 26, 37, 17, 17, 20, 20, 21, 18, 38, 19, 18, 39, 35, 39, 22, 19, 36, 22, 39, 21, 40, 24, 23, 24, 39, 40, 40, 25, 23, 36, 36, 35, 24, 25, 34, 40, 29, 34, 25, 34, 30, 27, 26, 26, 41, 41, 38, 38, 28, 30, 29, 31, 32, 33, 35, 33, 31, 38, 41, 41, 37]
 
(42, 18) = [0, 1, 2, 3, 2, 4, 0, 5, 1, 0, 6, 7, 8, 9, 8, 0, 6, 10, 1, 11, 9, 8, 12, 1, 4, 2, 10, 13, 14, 15, 14, 2, 3, 3, 5, 8, 5, 16, 3, 14, 10, 6, 4, 17, 18, 19, 20, 4, 16, 5, 16, 19, 21, 22, 23, 6, 7, 7, 24, 9, 24, 25, 7, 23, 12, 12, 9, 26, 27, 28, 29, 10, 11, 20, 30, 21, 30, 31, 11, 12, 20, 11, 18, 28, 13, 32, 22, 18, 22, 21, 13, 29, 32, 13, 33, 15, 15, 14, 34, 35, 34, 34, 15, 25, 36, 35, 37, 16, 17, 38, 39, 27, 39, 29, 17, 20, 38, 17, 28, 22, 19, 18, 31, 36, 31, 30, 19, 37, 23, 33, 21, 40, 33, 23, 32, 34, 25, 24, 25, 33, 40, 40, 26, 24, 26, 41, 40, 30, 41, 26, 41, 31, 29, 39, 27, 38, 28, 27, 38, 39, 35, 36, 35, 32, 37, 37, 36, 41]
 
(42, 20) = [0, 1, 2, 3, 2, 4, 0, 5, 1, 0, 6, 7, 8, 9, 9, 0, 6, 10, 1, 11, 12, 13, 14, 1, 4, 2, 10, 15, 16, 17, 13, 2, 3, 18, 18, 8, 18, 3, 3, 13, 10, 6, 4, 19, 20, 21, 22, 4, 5, 23, 24, 16, 24, 7, 5, 9, 23, 5, 25, 21, 26, 27, 28, 6, 7, 24, 29, 12, 29, 25, 7, 28, 9, 8, 8, 30, 31, 32, 33, 10, 11, 34, 32, 26, 32, 31, 11, 14, 34, 11, 35, 32, 14, 36, 12, 34, 13, 12, 16, 37, 36, 14, 17, 38, 15, 39, 40, 20, 40, 40, 15, 33, 39, 15, 39, 17, 17, 16, 36, 41, 37, 30, 30, 18, 19, 38, 21, 31, 21, 20, 19, 22, 38, 19, 41, 27, 22, 41, 20, 23, 41, 22, 38, 39, 25, 29, 23, 40, 30, 37, 37, 24, 33, 35, 31, 25, 28, 28, 26, 35, 27, 26, 27, 36, 35, 33, 34, 29]
 
(56, 13) = [0, 1, 2, 3, 2, 4, 0, 2, 1, 0, 5, 1, 6, 3, 3, 0, 5, 7, 1, 8, 4, 2, 7, 9, 3, 6, 6, 6, 7, 5, 4, 10, 11, 9, 12, 4, 13, 14, 8, 5, 15, 16, 17, 7, 8, 18, 13, 13, 18, 8, 19, 16, 9, 11, 20, 11, 20, 21, 9, 17, 10, 22, 23, 15, 23, 24, 10, 12, 22, 10, 25, 14, 12, 26, 11, 27, 26, 12, 21, 28, 14, 13, 29, 30, 29, 19, 14, 31, 17, 32, 15, 33, 16, 15, 34, 35, 34, 36, 16, 32, 32, 17, 36, 37, 19, 29, 18, 38, 35, 30, 39, 18, 36, 34, 32, 19, 21, 20, 26, 29, 33, 38, 27, 20, 31, 37, 40, 21, 25, 28, 22, 24, 30, 35, 41, 22, 24, 23, 28, 40, 27, 42, 33, 23, 28, 25, 24, 41, 40, 43, 31, 25, 41, 44, 30, 26, 42, 27, 45, 44, 37, 31, 46, 34, 38, 33, 47, 36, 39, 48, 35, 46, 46, 49, 37, 47, 47, 45, 38, 39, 48, 39, 44, 50, 43, 40, 49, 42, 44, 41, 48, 43, 45, 47, 42, 51, 49, 46, 43, 52, 53, 50, 50, 45, 54, 52, 52, 48, 55, 51, 51, 49, 50, 53, 53, 54, 51, 55, 55, 53, 52, 54, 54, 55]
 
(56, 23) = [1, 0, 0, 2, 0, 1, 1, 3, 4, 5, 6, 0, 7, 8, 9, 1, 2, 10, 11, 7, 11, 6, 2, 6, 10, 2, 5, 5, 3, 12, 13, 4, 13, 14, 3, 9, 12, 3, 15, 8, 6, 11, 4, 16, 5, 4, 10, 17, 9, 18, 7, 19, 8, 7, 20, 21, 20, 22, 8, 23, 18, 9, 22, 24, 17, 21, 25, 10, 16, 26, 19, 11, 15, 27, 12, 28, 21, 17, 29, 12, 14, 13, 27, 30, 19, 31, 16, 13, 27, 15, 14, 32, 33, 24, 33, 14, 34, 35, 23, 15, 26, 16, 36, 26, 25, 37, 17, 25, 22, 20, 18, 38, 39, 40, 39, 18, 31, 19, 41, 40, 42, 43, 44, 20, 29, 45, 21, 44, 43, 42, 43, 22, 23, 23, 34, 42, 24, 33, 38, 39, 38, 38, 24, 43, 37, 25, 45, 46, 36, 41, 26, 47, 35, 34, 35, 27, 28, 28, 48, 34, 48, 49, 28, 29, 45, 29, 37, 50, 30, 51, 32, 33, 32, 32, 30, 35, 51, 30, 51, 31, 41, 36, 31, 52, 53, 54, 47, 36, 55, 46, 55, 37, 40, 39, 52, 51, 52, 52, 40, 54, 54, 53, 54, 41, 44, 44, 42, 48, 49, 48, 49, 45, 46, 55, 50, 55, 50, 50, 46, 49, 47, 47, 53, 53]
 
(56, 32) = [1, 2, 2, 2, 0, 3, 3, 4, 3, 0, 0, 0, 2, 1, 1, 5, 5, 6, 7, 1, 4, 8, 9, 3, 9, 10, 4, 9, 8, 4, 11, 8, 7, 12, 5, 7, 6, 5, 13, 6, 13, 14, 6, 15, 12, 7, 14, 16, 11, 17, 8, 18, 10, 9, 17, 19, 17, 11, 10, 20, 21, 19, 22, 10, 23, 24, 18, 11, 14, 13, 12, 25, 26, 16, 27, 12, 28, 29, 15, 13, 30, 31, 29, 14, 15, 32, 28, 28, 32, 15, 31, 31, 16, 26, 33, 26, 33, 25, 16, 29, 34, 35, 24, 17, 18, 36, 23, 23, 36, 18, 35, 35, 19, 21, 37, 21, 37, 20, 19, 24, 20, 37, 38, 34, 38, 22, 20, 22, 22, 38, 21, 39, 24, 23, 34, 40, 25, 33, 41, 30, 41, 27, 25, 27, 27, 41, 26, 42, 29, 28, 30, 43, 31, 30, 32, 44, 44, 43, 45, 32, 43, 44, 42, 33, 35, 34, 36, 46, 46, 40, 47, 36, 40, 46, 39, 37, 39, 48, 40, 38, 48, 39, 49, 48, 42, 50, 43, 41, 50, 42, 51, 50, 45, 51, 44, 45, 51, 45, 50, 52, 47, 49, 46, 47, 49, 47, 48, 53, 54, 53, 53, 49, 55, 52, 52, 51, 52, 55, 55, 55, 53, 54, 54, 54]
 
(70, 40) = [0, 1, 2, 3, 2, 4, 0, 2, 1, 0, 5, 1, 6, 3, 3, 0, 5, 7, 1, 8, 4, 2, 7, 9, 3, 6, 6, 6, 7, 5, 4, 10, 11, 9, 12, 4, 13, 14, 8, 5, 15, 16, 17, 7, 8, 18, 13, 13, 18, 8, 19, 16, 9, 11, 20, 11, 20, 21, 9, 17, 10, 22, 23, 15, 23, 24, 10, 12, 22, 10, 25, 14, 12, 26, 11, 27, 26, 12, 21, 28, 14, 13, 29, 30, 29, 19, 14, 31, 17, 32, 15, 33, 16, 15, 34, 35, 34, 36, 16, 37, 32, 17, 36, 38, 19, 29, 18, 39, 35, 30, 40, 18, 41, 41, 37, 19, 21, 20, 26, 42, 33, 43, 27, 20, 44, 38, 45, 21, 25, 46, 22, 46, 30, 35, 47, 22, 24, 23, 46, 47, 27, 48, 33, 23, 46, 25, 24, 49, 50, 28, 51, 24, 49, 52, 31, 25, 45, 53, 44, 26, 48, 27, 54, 53, 28, 50, 28, 45, 51, 51, 50, 29, 47, 55, 30, 50, 31, 39, 49, 51, 39, 31, 56, 41, 36, 34, 32, 32, 43, 33, 57, 34, 40, 58, 35, 57, 38, 44, 59, 36, 37, 42, 41, 43, 42, 37, 42, 44, 59, 60, 38, 59, 56, 61, 39, 40, 58, 40, 55, 62, 57, 54, 43, 56, 53, 45, 60, 55, 55, 47, 58, 48, 54, 57, 48, 63, 52, 49, 61, 52, 61, 56, 52, 64, 60, 59, 53, 65, 66, 64, 65, 54, 67, 63, 63, 58, 68, 65, 62, 60, 69, 62, 64, 61, 62, 69, 68, 67, 63, 67, 67, 66, 64, 66, 69, 69, 65, 68, 66, 68]
 
(84, 228) = [0, 1, 2, 3, 2, 4, 0, 2, 1, 0, 5, 1, 6, 3, 3, 0, 5, 7, 1, 8, 4, 2, 7, 9, 3, 6, 6, 6, 7, 5, 4, 10, 11, 9, 12, 4, 13, 14, 8, 5, 15, 16, 17, 7, 8, 18, 13, 13, 18, 8, 19, 16, 9, 11, 20, 11, 20, 21, 9, 17, 10, 22, 23, 15, 23, 24, 10, 12, 22, 10, 25, 14, 12, 26, 11, 27, 26, 12, 21, 28, 14, 13, 29, 30, 29, 19, 14, 31, 17, 32, 15, 33, 16, 15, 34, 35, 34, 36, 16, 37, 32, 17, 36, 38, 19, 29, 18, 39, 35, 30, 40, 18, 41, 42, 37, 19, 21, 20, 26, 43, 33, 44, 27, 20, 45, 38, 46, 21, 25, 47, 22, 47, 30, 35, 48, 22, 24, 23, 47, 48, 27, 49, 33, 23, 47, 25, 24, 50, 51, 28, 52, 24, 50, 53, 31, 25, 54, 55, 56, 26, 49, 27, 57, 55, 28, 51, 58, 54, 58, 59, 28, 46, 52, 60, 51, 29, 48, 61, 30, 51, 31, 62, 50, 52, 62, 31, 63, 42, 36, 34, 32, 32, 44, 33, 64, 34, 40, 65, 35, 64, 38, 45, 66, 36, 37, 43, 41, 44, 43, 37, 67, 45, 66, 68, 38, 66, 39, 56, 69, 41, 69, 70, 39, 40, 56, 39, 54, 60, 65, 40, 61, 71, 42, 41, 72, 72, 72, 67, 42, 62, 67, 72, 43, 56, 64, 57, 44, 69, 46, 73, 45, 59, 73, 46, 68, 73, 61, 48, 65, 49, 57, 64, 49, 74, 53, 50, 75, 53, 60, 52, 59, 67, 75, 63, 53, 76, 55, 54, 70, 61, 70, 69, 55, 77, 78, 77, 77, 57, 59, 58, 60, 58, 63, 75, 62, 63, 79, 74, 74, 65, 68, 66, 73, 80, 81, 80, 80, 68, 82, 71, 71, 70, 71, 82, 82, 79, 74, 79, 79, 78, 83, 76, 76, 75, 76, 83, 83, 83, 77, 78, 78, 82, 80, 81, 81, 81]
 
(84, 256) = [0, 1, 2, 3, 2, 4, 0, 5, 1, 0, 6, 7, 8, 9, 8, 0, 6, 10, 1, 11, 9, 8, 12, 1, 4, 2, 10, 13, 14, 15, 14, 2, 3, 3, 5, 8, 5, 16, 3, 14, 10, 6, 4, 17, 18, 19, 20, 4, 16, 5, 16, 19, 21, 20, 22, 6, 7, 7, 23, 9, 23, 24, 7, 22, 12, 12, 9, 25, 26, 27, 27, 10, 11, 28, 29, 21, 29, 30, 11, 12, 28, 11, 13, 27, 13, 31, 28, 18, 31, 13, 30, 15, 15, 14, 32, 33, 32, 32, 15, 34, 35, 33, 36, 16, 17, 37, 37, 26, 37, 17, 17, 20, 20, 21, 18, 38, 19, 18, 39, 35, 39, 22, 19, 36, 22, 39, 21, 40, 24, 23, 24, 41, 40, 42, 25, 23, 43, 36, 44, 24, 25, 45, 40, 29, 45, 25, 34, 30, 27, 26, 26, 46, 46, 38, 38, 28, 30, 29, 31, 47, 33, 35, 48, 31, 49, 50, 51, 32, 48, 44, 33, 51, 34, 52, 45, 49, 52, 34, 42, 50, 36, 43, 35, 53, 38, 46, 46, 37, 53, 54, 53, 39, 42, 40, 52, 54, 41, 55, 56, 43, 56, 57, 41, 44, 55, 41, 58, 42, 44, 48, 43, 59, 47, 47, 60, 45, 60, 61, 47, 48, 51, 62, 49, 60, 50, 49, 63, 64, 63, 65, 50, 58, 62, 51, 65, 57, 64, 64, 66, 52, 54, 53, 67, 55, 67, 67, 54, 66, 58, 68, 55, 69, 57, 56, 68, 70, 59, 71, 59, 56, 68, 58, 57, 72, 71, 59, 73, 61, 61, 60, 61, 74, 65, 63, 62, 75, 70, 74, 76, 62, 69, 76, 77, 63, 66, 78, 64, 77, 79, 72, 72, 65, 78, 66, 78, 80, 77, 80, 69, 67, 81, 82, 82, 68, 76, 69, 70, 82, 74, 70, 80, 71, 73, 73, 71, 78, 72, 79, 79, 81, 80, 77, 74, 73, 75, 83, 83, 79, 83, 75, 75, 76, 82, 81, 81, 83]
 
(84, 257) = [0, 1, 2, 3, 2, 4, 0, 5, 1, 0, 6, 7, 8, 9, 8, 0, 6, 10, 1, 11, 9, 8, 12, 1, 4, 2, 10, 13, 14, 15, 14, 2, 3, 3, 5, 8, 5, 16, 3, 14, 10, 6, 4, 17, 18, 19, 20, 4, 16, 5, 16, 19, 21, 22, 23, 6, 7, 7, 24, 9, 24, 25, 7, 23, 12, 12, 9, 26, 27, 28, 29, 10, 11, 20, 30, 21, 30, 31, 11, 12, 20, 11, 18, 28, 13, 32, 33, 18, 33, 34, 13, 29, 32, 13, 35, 15, 15, 14, 36, 37, 36, 36, 15, 38, 39, 37, 40, 16, 17, 41, 42, 27, 42, 43, 17, 20, 41, 17, 44, 22, 19, 18, 31, 39, 31, 30, 19, 40, 23, 45, 21, 46, 22, 21, 47, 43, 47, 48, 22, 49, 45, 23, 48, 50, 25, 24, 25, 45, 46, 46, 26, 24, 50, 50, 51, 25, 26, 52, 46, 30, 52, 26, 52, 31, 29, 53, 27, 54, 28, 27, 54, 42, 54, 55, 28, 33, 53, 29, 55, 56, 35, 57, 32, 36, 37, 39, 37, 32, 34, 33, 57, 58, 57, 35, 34, 59, 60, 56, 61, 34, 38, 62, 38, 35, 62, 38, 63, 57, 40, 40, 39, 52, 44, 64, 41, 53, 43, 42, 64, 41, 64, 44, 43, 65, 56, 60, 49, 44, 48, 47, 45, 51, 66, 67, 65, 47, 68, 69, 68, 48, 49, 70, 56, 66, 70, 49, 71, 69, 51, 72, 50, 68, 72, 51, 72, 67, 55, 54, 53, 64, 65, 58, 66, 55, 58, 65, 73, 60, 73, 74, 58, 63, 59, 59, 75, 62, 75, 76, 59, 61, 61, 71, 60, 77, 71, 61, 70, 78, 63, 63, 62, 79, 67, 66, 74, 80, 74, 73, 67, 81, 69, 68, 78, 82, 78, 78, 69, 76, 82, 80, 82, 70, 76, 75, 76, 71, 80, 82, 81, 72, 79, 83, 77, 73, 83, 79, 83, 74, 77, 77, 79, 75, 81, 81, 80, 83]
 
(84, 261) = [0, 1, 2, 3, 2, 4, 0, 5, 1, 0, 6, 7, 8, 9, 8, 0, 6, 10, 1, 11, 9, 8, 12, 1, 4, 2, 10, 13, 14, 15, 14, 2, 3, 3, 5, 8, 5, 16, 3, 14, 10, 6, 4, 17, 18, 19, 20, 4, 16, 5, 16, 19, 21, 22, 23, 6, 7, 7, 24, 9, 24, 25, 7, 23, 12, 12, 9, 26, 27, 28, 29, 10, 11, 30, 31, 21, 31, 32, 11, 12, 30, 11, 33, 28, 13, 34, 35, 18, 35, 36, 13, 29, 34, 13, 37, 15, 15, 14, 38, 39, 38, 38, 15, 40, 41, 39, 42, 16, 17, 43, 44, 27, 44, 29, 17, 20, 43, 17, 28, 22, 20, 45, 18, 46, 19, 18, 47, 41, 47, 48, 19, 42, 45, 20, 48, 36, 23, 49, 21, 50, 22, 21, 51, 52, 51, 53, 22, 33, 49, 23, 53, 54, 25, 24, 25, 47, 50, 55, 26, 24, 42, 54, 41, 25, 26, 40, 50, 31, 40, 26, 56, 32, 29, 44, 27, 57, 28, 27, 43, 58, 33, 59, 30, 60, 58, 52, 61, 30, 32, 31, 59, 38, 59, 33, 32, 62, 37, 63, 34, 64, 39, 41, 65, 34, 36, 35, 63, 66, 57, 61, 46, 35, 63, 37, 36, 67, 56, 68, 40, 37, 65, 69, 39, 59, 54, 42, 69, 70, 52, 58, 71, 43, 46, 71, 57, 44, 48, 47, 45, 55, 66, 72, 73, 45, 71, 46, 52, 72, 74, 70, 67, 48, 53, 51, 49, 75, 70, 74, 76, 49, 55, 50, 68, 74, 60, 77, 72, 51, 78, 62, 79, 53, 69, 65, 54, 79, 68, 56, 55, 73, 64, 80, 62, 56, 61, 57, 58, 71, 72, 66, 60, 61, 77, 60, 81, 69, 62, 78, 64, 65, 82, 76, 83, 63, 80, 64, 75, 76, 73, 81, 66, 83, 67, 83, 74, 82, 83, 67, 82, 68, 76, 82, 70, 81, 81, 73, 77, 80, 75, 79, 80, 78, 79, 75, 78, 77]
 
(84, 262) = [0, 1, 2, 3, 2, 4, 0, 5, 1, 0, 6, 7, 8, 9, 8, 0, 6, 10, 1, 11, 9, 8, 12, 1, 4, 2, 10, 13, 14, 15, 14, 2, 3, 3, 5, 8, 5, 16, 3, 14, 10, 6, 4, 17, 18, 19, 20, 4, 16, 5, 16, 19, 21, 22, 23, 6, 7, 7, 24, 9, 24, 25, 7, 23, 12, 12, 9, 26, 27, 28, 29, 10, 11, 30, 31, 21, 31, 32, 11, 12, 30, 11, 33, 28, 13, 34, 35, 18, 35, 36, 13, 29, 34, 13, 37, 15, 15, 14, 38, 39, 38, 38, 15, 40, 41, 39, 42, 16, 17, 43, 44, 27, 44, 29, 17, 20, 43, 17, 28, 22, 20, 45, 18, 46, 19, 18, 47, 41, 47, 48, 19, 42, 45, 20, 48, 36, 23, 49, 21, 50, 22, 21, 51, 52, 51, 53, 22, 33, 49, 23, 53, 54, 25, 24, 25, 49, 50, 50, 26, 24, 54, 54, 55, 25, 26, 56, 50, 31, 56, 26, 56, 32, 29, 44, 27, 57, 28, 27, 43, 58, 33, 59, 30, 60, 58, 52, 61, 30, 32, 31, 59, 62, 59, 33, 32, 63, 37, 64, 34, 38, 39, 41, 39, 34, 36, 35, 64, 65, 57, 61, 46, 35, 64, 37, 36, 66, 40, 67, 40, 37, 67, 40, 68, 64, 42, 42, 41, 69, 52, 58, 70, 43, 46, 70, 57, 44, 48, 47, 45, 71, 65, 72, 73, 45, 70, 46, 52, 72, 69, 74, 69, 47, 74, 69, 66, 48, 53, 51, 49, 55, 60, 75, 72, 51, 76, 63, 76, 53, 55, 77, 54, 76, 77, 55, 77, 75, 62, 62, 63, 56, 61, 57, 58, 70, 78, 79, 78, 59, 72, 65, 60, 61, 75, 60, 80, 79, 63, 76, 62, 78, 73, 80, 65, 68, 66, 66, 74, 67, 68, 68, 67, 81, 71, 71, 81, 74, 81, 82, 71, 73, 80, 73, 75, 83, 79, 78, 83, 77, 83, 83, 79, 82, 82, 81, 82, 80]
 
(84, 266) = [0, 1, 2, 3, 2, 4, 0, 5, 1, 0, 6, 7, 8, 9, 9, 0, 6, 10, 1, 11, 12, 13, 14, 1, 4, 2, 10, 15, 16, 17, 13, 2, 3, 18, 18, 8, 18, 3, 3, 13, 10, 6, 4, 19, 20, 21, 22, 4, 5, 23, 24, 16, 24, 7, 5, 9, 23, 5, 25, 21, 26, 27, 28, 6, 7, 24, 29, 12, 29, 25, 7, 28, 9, 8, 8, 30, 31, 32, 27, 10, 11, 33, 34, 26, 34, 35, 11, 14, 33, 11, 36, 32, 14, 37, 12, 38, 13, 12, 16, 39, 37, 14, 17, 40, 15, 41, 42, 20, 42, 19, 15, 27, 41, 15, 43, 17, 17, 16, 37, 44, 39, 30, 30, 18, 19, 42, 45, 31, 45, 43, 19, 22, 22, 46, 20, 47, 21, 20, 48, 49, 48, 50, 21, 51, 46, 22, 50, 52, 25, 29, 23, 48, 49, 44, 49, 23, 30, 39, 39, 24, 51, 53, 51, 25, 28, 54, 26, 55, 27, 26, 31, 56, 54, 28, 32, 53, 55, 57, 38, 29, 32, 31, 54, 58, 36, 59, 33, 60, 58, 56, 61, 33, 35, 34, 59, 37, 38, 38, 55, 34, 59, 36, 35, 62, 40, 40, 63, 35, 64, 64, 53, 36, 63, 52, 40, 43, 43, 45, 41, 65, 44, 49, 66, 41, 56, 58, 47, 42, 66, 66, 44, 59, 47, 67, 56, 45, 50, 48, 46, 57, 68, 69, 70, 46, 67, 47, 71, 69, 70, 72, 68, 50, 53, 51, 64, 72, 52, 63, 52, 68, 72, 70, 73, 54, 57, 55, 57, 70, 61, 71, 58, 73, 60, 62, 74, 64, 74, 75, 60, 61, 62, 60, 65, 66, 71, 61, 67, 76, 65, 77, 62, 63, 77, 65, 75, 67, 69, 68, 78, 77, 78, 73, 69, 79, 80, 79, 79, 71, 73, 78, 72, 74, 75, 74, 77, 81, 82, 76, 76, 75, 76, 82, 82, 80, 83, 81, 81, 78, 79, 80, 80, 83, 81, 83, 83, 82]
 
(84, 267) = [0, 1, 2, 3, 2, 4, 0, 5, 1, 0, 6, 7, 8, 9, 9, 0, 6, 10, 1, 11, 12, 13, 14, 1, 4, 2, 10, 15, 16, 17, 13, 2, 3, 18, 18, 8, 18, 3, 3, 13, 10, 6, 4, 19, 20, 21, 22, 4, 5, 23, 24, 16, 24, 7, 5, 9, 23, 5, 25, 21, 26, 27, 28, 6, 7, 24, 29, 12, 29, 25, 7, 28, 9, 8, 8, 30, 31, 32, 27, 10, 11, 33, 34, 26, 34, 35, 11, 14, 33, 11, 36, 32, 14, 37, 12, 38, 13, 12, 16, 39, 37, 14, 17, 40, 15, 41, 42, 20, 42, 19, 15, 27, 41, 15, 43, 17, 17, 16, 37, 44, 39, 30, 30, 18, 19, 42, 45, 31, 45, 43, 19, 22, 22, 46, 20, 47, 21, 20, 48, 49, 48, 50, 21, 51, 46, 22, 50, 52, 25, 29, 23, 50, 49, 44, 52, 23, 30, 39, 39, 24, 53, 54, 51, 25, 28, 55, 26, 56, 27, 26, 31, 57, 55, 28, 32, 54, 56, 51, 38, 29, 32, 31, 55, 58, 36, 59, 33, 60, 58, 57, 61, 33, 35, 34, 59, 62, 38, 63, 56, 34, 59, 36, 35, 37, 64, 40, 44, 35, 63, 38, 54, 36, 40, 64, 65, 59, 65, 52, 40, 43, 43, 45, 41, 66, 44, 49, 64, 41, 57, 58, 47, 42, 47, 67, 57, 45, 50, 48, 46, 53, 68, 69, 70, 46, 67, 47, 71, 69, 70, 72, 68, 48, 52, 65, 49, 68, 51, 56, 53, 70, 54, 53, 63, 72, 72, 70, 73, 55, 61, 71, 58, 73, 60, 62, 74, 63, 74, 75, 60, 61, 62, 60, 66, 64, 71, 61, 67, 76, 66, 77, 62, 65, 77, 66, 75, 67, 69, 68, 78, 77, 78, 73, 69, 79, 80, 79, 79, 71, 73, 78, 72, 74, 75, 74, 77, 81, 82, 76, 76, 75, 76, 82, 82, 80, 83, 81, 81, 78, 79, 80, 80, 83, 81, 83, 83, 82]
 
(84, 269) = [0, 1, 2, 3, 2, 4, 0, 5, 1, 0, 6, 7, 8, 9, 9, 0, 6, 10, 1, 11, 12, 13, 14, 1, 4, 2, 10, 15, 16, 17, 13, 2, 3, 18, 18, 8, 18, 3, 3, 13, 10, 6, 4, 19, 20, 21, 22, 4, 5, 23, 24, 16, 24, 7, 5, 9, 23, 5, 25, 21, 26, 27, 28, 6, 7, 24, 29, 12, 29, 25, 7, 28, 9, 8, 8, 30, 31, 32, 33, 10, 11, 34, 35, 26, 35, 36, 11, 14, 34, 11, 37, 32, 14, 38, 12, 39, 13, 12, 16, 40, 38, 14, 17, 41, 15, 42, 43, 20, 43, 44, 15, 33, 42, 15, 45, 17, 17, 16, 38, 46, 40, 30, 30, 18, 19, 47, 48, 31, 48, 49, 19, 22, 47, 19, 46, 27, 22, 50, 20, 51, 21, 20, 52, 53, 52, 41, 21, 36, 50, 22, 41, 45, 25, 29, 23, 44, 53, 46, 49, 23, 30, 40, 40, 24, 54, 37, 36, 25, 28, 55, 26, 56, 27, 26, 57, 58, 57, 59, 27, 38, 55, 28, 59, 37, 56, 33, 39, 29, 33, 56, 31, 60, 32, 31, 61, 62, 61, 39, 32, 59, 37, 54, 34, 63, 62, 58, 64, 34, 36, 35, 54, 65, 39, 61, 56, 35, 41, 52, 50, 57, 45, 66, 42, 67, 46, 53, 47, 42, 44, 43, 66, 54, 60, 63, 51, 43, 66, 45, 44, 49, 58, 62, 67, 47, 49, 48, 53, 68, 51, 69, 60, 48, 67, 70, 58, 50, 69, 51, 71, 70, 65, 72, 68, 52, 59, 57, 55, 72, 63, 60, 73, 55, 72, 65, 74, 61, 64, 75, 62, 74, 73, 71, 63, 64, 75, 64, 70, 76, 68, 77, 65, 66, 70, 67, 75, 77, 77, 68, 78, 69, 71, 73, 69, 79, 80, 76, 76, 71, 74, 78, 72, 73, 78, 74, 77, 81, 82, 81, 81, 75, 76, 80, 80, 82, 83, 79, 79, 78, 79, 83, 83, 80, 81, 82, 82, 83]
 
(84, 282) = [0, 1, 2, 3, 2, 4, 0, 5, 1, 0, 6, 7, 8, 9, 10, 0, 6, 11, 1, 12, 13, 10, 14, 1, 4, 2, 11, 15, 16, 17, 18, 2, 3, 19, 20, 8, 20, 21, 3, 18, 19, 3, 5, 10, 11, 6, 4, 22, 23, 24, 25, 4, 5, 26, 19, 16, 26, 5, 21, 24, 27, 28, 29, 6, 7, 30, 31, 13, 31, 32, 7, 29, 30, 7, 33, 9, 10, 13, 8, 34, 9, 8, 35, 36, 35, 14, 9, 37, 38, 39, 40, 11, 12, 25, 41, 27, 41, 42, 12, 14, 25, 12, 23, 39, 14, 35, 13, 43, 15, 44, 28, 23, 28, 27, 15, 40, 44, 15, 45, 17, 18, 46, 16, 47, 17, 16, 48, 49, 48, 50, 17, 32, 46, 18, 50, 51, 34, 36, 47, 19, 21, 20, 26, 52, 47, 53, 34, 20, 54, 51, 55, 21, 22, 56, 57, 38, 57, 40, 22, 25, 56, 22, 39, 28, 24, 23, 42, 58, 42, 41, 24, 55, 58, 49, 59, 26, 29, 45, 27, 60, 45, 29, 44, 50, 33, 61, 30, 62, 36, 34, 63, 30, 32, 31, 61, 64, 60, 65, 43, 31, 61, 33, 32, 45, 65, 60, 37, 33, 66, 67, 68, 35, 63, 69, 36, 68, 37, 70, 65, 66, 70, 37, 71, 42, 40, 57, 38, 56, 39, 38, 56, 57, 43, 71, 60, 41, 71, 43, 70, 67, 49, 58, 51, 44, 50, 48, 46, 61, 72, 73, 64, 46, 53, 47, 69, 73, 64, 62, 72, 48, 51, 54, 49, 72, 52, 74, 67, 54, 67, 66, 52, 59, 74, 52, 75, 53, 69, 63, 53, 76, 55, 59, 54, 70, 59, 55, 58, 71, 62, 64, 77, 65, 77, 78, 62, 63, 68, 75, 66, 77, 75, 68, 74, 79, 80, 79, 81, 69, 73, 72, 78, 74, 78, 77, 73, 81, 82, 81, 76, 75, 76, 83, 82, 80, 83, 76, 79, 78, 79, 80, 83, 82, 81, 82, 80, 83]
 
(84, 283) = [0, 1, 2, 3, 2, 4, 0, 5, 1, 0, 6, 7, 8, 9, 10, 0, 6, 11, 1, 12, 13, 10, 14, 1, 4, 2, 11, 15, 16, 17, 18, 2, 3, 19, 20, 8, 20, 21, 3, 18, 19, 3, 5, 10, 11, 6, 4, 22, 23, 24, 25, 4, 5, 26, 19, 16, 26, 5, 21, 24, 27, 28, 29, 6, 7, 30, 31, 13, 31, 32, 7, 29, 30, 7, 33, 9, 10, 13, 8, 34, 9, 8, 35, 36, 35, 14, 9, 37, 38, 39, 40, 11, 12, 25, 41, 27, 41, 42, 12, 14, 25, 12, 23, 39, 14, 35, 13, 43, 15, 44, 45, 23, 45, 46, 15, 40, 44, 15, 47, 17, 18, 48, 16, 49, 17, 16, 50, 51, 50, 52, 17, 53, 48, 18, 52, 54, 34, 36, 49, 19, 21, 20, 26, 55, 49, 56, 34, 20, 57, 54, 58, 21, 22, 59, 60, 38, 60, 61, 22, 25, 59, 22, 62, 28, 24, 23, 42, 63, 42, 41, 24, 58, 63, 51, 64, 26, 29, 65, 27, 66, 28, 27, 67, 61, 67, 68, 28, 69, 65, 29, 68, 50, 33, 53, 30, 70, 36, 34, 71, 30, 32, 31, 53, 47, 66, 72, 43, 31, 53, 33, 32, 65, 52, 50, 48, 32, 72, 66, 37, 33, 73, 74, 75, 35, 71, 76, 36, 75, 37, 77, 72, 73, 77, 37, 78, 42, 40, 79, 38, 80, 39, 38, 80, 60, 80, 81, 39, 45, 79, 40, 81, 82, 43, 78, 66, 41, 78, 43, 77, 74, 47, 70, 44, 52, 51, 63, 54, 44, 46, 45, 70, 71, 70, 47, 46, 72, 75, 82, 73, 46, 68, 67, 65, 48, 56, 49, 76, 67, 54, 57, 51, 68, 55, 69, 74, 57, 74, 73, 55, 64, 69, 55, 82, 56, 76, 71, 56, 81, 58, 64, 57, 77, 64, 58, 63, 78, 62, 83, 59, 79, 61, 60, 83, 59, 83, 62, 61, 76, 82, 75, 69, 62, 81, 80, 79, 83]
 
(84, 287) = [0, 1, 2, 3, 2, 4, 0, 5, 1, 0, 6, 7, 8, 9, 10, 0, 6, 11, 1, 12, 13, 10, 14, 1, 4, 2, 11, 15, 16, 17, 18, 2, 3, 19, 20, 8, 20, 21, 3, 18, 19, 3, 5, 10, 11, 6, 4, 22, 23, 24, 25, 4, 5, 26, 19, 16, 26, 5, 21, 24, 27, 28, 29, 6, 7, 30, 31, 13, 31, 32, 7, 29, 30, 7, 33, 9, 10, 13, 8, 34, 9, 8, 35, 36, 35, 14, 9, 37, 38, 39, 40, 11, 12, 41, 42, 27, 42, 43, 12, 14, 41, 12, 44, 39, 14, 35, 13, 45, 15, 46, 47, 23, 47, 48, 15, 40, 46, 15, 49, 17, 18, 50, 16, 51, 17, 16, 52, 53, 52, 54, 17, 55, 50, 18, 54, 56, 34, 36, 51, 19, 21, 20, 26, 57, 51, 58, 34, 20, 59, 56, 60, 21, 22, 61, 62, 38, 62, 40, 22, 25, 61, 22, 39, 28, 25, 63, 23, 64, 24, 23, 65, 66, 65, 67, 24, 60, 63, 25, 67, 48, 66, 53, 68, 26, 29, 69, 27, 70, 28, 27, 71, 72, 71, 73, 28, 44, 69, 29, 73, 52, 33, 55, 30, 74, 36, 34, 75, 30, 32, 31, 55, 49, 70, 76, 45, 31, 55, 33, 32, 69, 54, 52, 50, 32, 76, 70, 37, 33, 67, 65, 63, 35, 75, 77, 36, 63, 37, 78, 76, 67, 78, 37, 79, 43, 40, 62, 38, 80, 39, 38, 61, 81, 44, 57, 41, 58, 81, 72, 82, 41, 43, 42, 57, 68, 45, 79, 70, 42, 57, 44, 43, 59, 79, 45, 78, 65, 49, 74, 46, 54, 53, 66, 56, 46, 48, 47, 74, 75, 80, 82, 64, 47, 74, 49, 48, 76, 73, 71, 69, 50, 58, 51, 77, 71, 56, 59, 53, 73, 77, 75, 58, 82, 60, 68, 59, 79, 68, 60, 66, 78, 72, 81, 83, 61, 64, 83, 80, 62, 83, 64, 72, 77, 82, 80, 81, 83]
 
(84, 349) = [1, 1, 2, 2, 0, 3, 0, 4, 3, 0, 5, 0, 2, 6, 1, 7, 7, 8, 9, 1, 6, 2, 6, 8, 5, 5, 3, 10, 4, 11, 12, 3, 12, 13, 4, 5, 11, 4, 14, 11, 15, 15, 16, 6, 9, 17, 7, 9, 8, 7, 18, 15, 18, 19, 8, 16, 17, 9, 19, 20, 10, 21, 10, 12, 21, 10, 22, 13, 14, 23, 11, 24, 13, 12, 23, 25, 23, 14, 13, 26, 27, 28, 24, 14, 16, 29, 15, 30, 29, 16, 29, 31, 19, 18, 17, 32, 33, 20, 34, 17, 30, 35, 30, 18, 36, 31, 37, 19, 20, 33, 38, 33, 38, 39, 20, 37, 22, 22, 21, 40, 25, 25, 41, 21, 42, 43, 26, 22, 44, 45, 46, 23, 24, 47, 27, 27, 47, 24, 48, 45, 41, 49, 25, 46, 26, 50, 42, 44, 50, 26, 51, 28, 28, 27, 52, 52, 52, 48, 28, 50, 53, 54, 55, 29, 35, 30, 56, 54, 31, 36, 57, 53, 57, 58, 31, 55, 32, 59, 60, 36, 60, 61, 32, 34, 59, 32, 62, 35, 34, 63, 33, 63, 63, 34, 39, 60, 56, 56, 35, 64, 37, 65, 36, 39, 65, 37, 58, 65, 39, 38, 63, 38, 40, 66, 67, 42, 67, 67, 40, 41, 66, 40, 66, 43, 49, 41, 49, 68, 43, 42, 69, 70, 69, 51, 43, 71, 46, 68, 44, 67, 45, 44, 72, 48, 72, 73, 45, 72, 68, 46, 73, 74, 48, 52, 47, 47, 74, 74, 75, 49, 51, 69, 50, 51, 55, 55, 53, 76, 54, 53, 54, 59, 62, 77, 59, 56, 58, 57, 65, 78, 76, 79, 76, 57, 79, 76, 78, 58, 61, 60, 77, 61, 77, 62, 61, 80, 64, 81, 64, 62, 81, 64, 80, 77, 70, 70, 71, 66, 73, 72, 68, 75, 82, 71, 82, 69, 71, 82, 70, 82, 83, 75, 83, 73, 75, 83, 74, 83, 78, 78, 79, 79, 80, 80, 81, 81]
 
(84, 356) = [1, 1, 2, 3, 0, 4, 0, 5, 4, 0, 6, 7, 8, 8, 9, 0, 2, 10, 1, 11, 12, 13, 14, 1, 10, 2, 10, 15, 14, 16, 12, 2, 3, 17, 3, 12, 17, 3, 18, 13, 6, 6, 4, 19, 20, 20, 21, 4, 5, 7, 22, 8, 22, 23, 5, 9, 7, 5, 24, 20, 25, 26, 27, 6, 24, 28, 7, 27, 9, 29, 8, 30, 29, 9, 29, 31, 32, 33, 34, 10, 11, 35, 11, 14, 35, 11, 36, 33, 13, 12, 37, 38, 37, 39, 13, 40, 16, 14, 39, 41, 15, 42, 43, 32, 43, 44, 15, 34, 42, 15, 45, 16, 39, 37, 16, 46, 18, 18, 17, 47, 38, 38, 48, 17, 44, 43, 40, 18, 19, 49, 50, 25, 50, 50, 19, 21, 49, 19, 49, 26, 21, 51, 20, 52, 51, 21, 51, 53, 23, 22, 28, 54, 30, 55, 30, 22, 28, 24, 23, 56, 57, 31, 58, 23, 59, 60, 52, 24, 27, 58, 25, 59, 26, 25, 31, 61, 31, 57, 26, 62, 58, 27, 57, 63, 64, 63, 65, 28, 62, 66, 61, 29, 55, 30, 67, 66, 34, 34, 32, 68, 33, 32, 33, 69, 36, 36, 35, 70, 69, 41, 71, 35, 71, 72, 69, 36, 73, 74, 72, 37, 48, 70, 38, 72, 75, 76, 77, 39, 40, 45, 44, 73, 45, 40, 42, 76, 41, 69, 74, 42, 74, 73, 41, 77, 68, 47, 68, 43, 47, 68, 78, 44, 79, 77, 46, 45, 46, 80, 79, 75, 80, 46, 76, 74, 78, 78, 47, 48, 70, 48, 70, 71, 61, 61, 62, 49, 52, 53, 59, 50, 67, 67, 55, 51, 53, 52, 81, 67, 81, 54, 53, 55, 54, 81, 60, 57, 60, 59, 54, 65, 56, 82, 83, 64, 83, 65, 56, 58, 82, 56, 63, 60, 66, 62, 66, 81, 63, 64, 82, 83, 65, 83, 64, 82, 72, 71, 73, 78, 77, 79, 75, 80, 76, 75, 80, 79]
 
(84, 357) = [1, 1, 2, 3, 0, 4, 0, 5, 4, 0, 6, 7, 8, 8, 9, 0, 2, 10, 1, 11, 12, 13, 14, 1, 10, 2, 10, 15, 14, 16, 12, 2, 3, 17, 3, 12, 17, 3, 18, 13, 6, 6, 4, 19, 20, 20, 21, 4, 5, 7, 22, 8, 22, 23, 5, 9, 7, 5, 24, 20, 25, 26, 27, 6, 24, 28, 7, 27, 9, 29, 8, 30, 29, 9, 29, 31, 32, 33, 34, 10, 11, 35, 11, 14, 35, 11, 36, 33, 13, 12, 37, 38, 37, 39, 13, 40, 16, 14, 39, 41, 15, 42, 43, 32, 43, 44, 15, 34, 42, 15, 45, 16, 39, 37, 16, 46, 18, 18, 17, 47, 38, 38, 48, 17, 49, 50, 40, 18, 19, 51, 52, 25, 52, 52, 19, 21, 51, 19, 51, 26, 21, 53, 20, 54, 53, 21, 53, 55, 23, 22, 28, 56, 30, 57, 30, 22, 28, 24, 23, 58, 59, 31, 60, 23, 61, 60, 54, 24, 27, 62, 25, 61, 26, 25, 63, 64, 63, 56, 26, 57, 62, 27, 56, 65, 66, 65, 65, 28, 67, 68, 69, 29, 57, 30, 64, 68, 31, 59, 55, 67, 55, 54, 31, 69, 34, 34, 32, 70, 33, 32, 33, 71, 36, 36, 35, 72, 71, 41, 50, 35, 50, 49, 71, 36, 73, 45, 44, 37, 48, 70, 38, 44, 74, 75, 75, 39, 40, 76, 49, 73, 76, 40, 41, 75, 41, 71, 76, 42, 45, 73, 42, 77, 44, 43, 73, 78, 70, 48, 70, 43, 79, 46, 46, 45, 46, 79, 79, 74, 47, 72, 78, 49, 78, 78, 47, 48, 72, 47, 72, 50, 64, 64, 57, 51, 54, 55, 61, 52, 69, 69, 67, 53, 56, 63, 62, 59, 58, 80, 80, 66, 80, 58, 58, 60, 60, 61, 59, 81, 82, 81, 81, 62, 68, 67, 68, 63, 65, 66, 66, 82, 75, 74, 74, 83, 83, 77, 77, 76, 77, 83, 83, 79, 81, 82, 82, 80]
 
(84, 358) = [1, 1, 2, 3, 0, 4, 0, 5, 4, 0, 6, 7, 8, 8, 9, 0, 2, 10, 1, 11, 12, 13, 14, 1, 10, 2, 10, 15, 14, 16, 12, 2, 3, 17, 3, 12, 17, 3, 18, 13, 6, 6, 4, 19, 20, 20, 21, 4, 5, 7, 22, 8, 22, 23, 5, 9, 7, 5, 24, 20, 25, 26, 27, 6, 24, 28, 7, 27, 9, 29, 8, 30, 29, 9, 29, 31, 32, 33, 34, 10, 11, 35, 11, 14, 35, 11, 36, 33, 13, 12, 37, 38, 37, 39, 13, 40, 16, 14, 39, 41, 15, 42, 43, 32, 43, 44, 15, 34, 42, 15, 45, 16, 39, 37, 16, 46, 18, 18, 17, 47, 38, 38, 48, 17, 49, 50, 40, 18, 19, 51, 52, 25, 52, 53, 19, 21, 51, 19, 54, 26, 21, 55, 20, 56, 55, 21, 55, 43, 23, 22, 28, 57, 30, 58, 30, 22, 28, 24, 23, 59, 60, 31, 61, 23, 62, 61, 56, 24, 27, 63, 25, 62, 26, 25, 64, 36, 64, 57, 26, 58, 63, 27, 57, 65, 66, 65, 65, 28, 67, 68, 69, 29, 58, 30, 70, 68, 31, 60, 71, 67, 71, 56, 31, 69, 34, 69, 32, 55, 33, 32, 68, 72, 68, 67, 33, 64, 69, 34, 67, 73, 36, 36, 35, 51, 72, 41, 50, 35, 74, 45, 44, 37, 48, 73, 38, 44, 75, 76, 76, 39, 40, 77, 49, 74, 77, 40, 41, 76, 41, 72, 77, 42, 45, 74, 42, 78, 44, 43, 74, 53, 79, 46, 46, 45, 46, 79, 79, 75, 47, 54, 53, 49, 53, 52, 47, 48, 54, 47, 51, 50, 73, 48, 73, 71, 50, 49, 72, 70, 56, 71, 62, 52, 70, 70, 58, 54, 57, 64, 63, 60, 59, 80, 80, 66, 80, 59, 59, 61, 61, 62, 60, 81, 82, 81, 81, 63, 65, 66, 66, 82, 76, 75, 75, 83, 83, 78, 78, 77, 78, 83, 83, 79, 81, 82, 82, 80]
 
(84, 373) = [1, 1, 2, 3, 0, 4, 0, 5, 4, 0, 6, 7, 8, 9, 10, 0, 2, 11, 1, 12, 13, 14, 15, 1, 11, 2, 11, 16, 17, 18, 19, 2, 3, 20, 18, 13, 18, 17, 3, 19, 20, 3, 21, 14, 6, 6, 4, 22, 23, 24, 25, 4, 5, 26, 27, 8, 27, 28, 5, 10, 26, 5, 29, 24, 30, 31, 32, 6, 7, 33, 9, 23, 9, 8, 7, 32, 33, 7, 34, 9, 10, 34, 8, 35, 34, 10, 33, 36, 37, 38, 39, 11, 12, 40, 41, 17, 41, 42, 12, 15, 40, 12, 43, 38, 15, 44, 13, 45, 14, 13, 46, 47, 46, 48, 14, 49, 44, 15, 48, 50, 16, 51, 52, 37, 52, 53, 16, 39, 51, 16, 45, 18, 19, 21, 17, 51, 21, 19, 20, 40, 47, 47, 54, 20, 38, 37, 49, 21, 22, 55, 36, 30, 36, 56, 22, 25, 55, 22, 57, 31, 25, 58, 23, 34, 24, 23, 59, 60, 59, 61, 24, 62, 58, 25, 61, 63, 29, 64, 26, 65, 60, 32, 66, 26, 28, 27, 64, 57, 35, 67, 35, 27, 64, 29, 28, 61, 56, 36, 63, 28, 68, 62, 62, 29, 32, 60, 30, 33, 31, 30, 69, 70, 69, 66, 31, 64, 67, 35, 70, 58, 39, 71, 37, 72, 49, 73, 38, 71, 71, 39, 73, 46, 43, 74, 40, 54, 42, 41, 74, 75, 45, 76, 51, 41, 74, 43, 42, 48, 77, 50, 50, 42, 73, 49, 71, 43, 48, 46, 44, 53, 78, 79, 79, 44, 76, 45, 53, 79, 54, 72, 47, 73, 50, 77, 77, 78, 53, 52, 76, 74, 72, 54, 72, 52, 57, 63, 55, 56, 70, 70, 67, 55, 63, 57, 56, 67, 61, 59, 58, 69, 80, 81, 81, 59, 66, 69, 60, 81, 62, 68, 68, 80, 65, 82, 82, 68, 82, 65, 65, 66, 75, 83, 83, 77, 83, 75, 75, 76, 79, 78, 78, 83, 81, 80, 80, 82]
 
(84, 377) = [1, 1, 2, 3, 0, 4, 0, 5, 4, 0, 6, 7, 8, 9, 10, 0, 2, 11, 1, 12, 13, 14, 15, 1, 11, 2, 11, 16, 17, 18, 19, 2, 3, 20, 21, 13, 21, 22, 3, 19, 20, 3, 23, 14, 6, 6, 4, 20, 24, 25, 26, 4, 5, 27, 16, 8, 16, 28, 5, 10, 27, 5, 29, 25, 14, 13, 30, 6, 7, 31, 32, 24, 32, 33, 7, 30, 31, 7, 34, 9, 10, 35, 8, 11, 9, 8, 36, 37, 36, 38, 9, 39, 35, 10, 38, 40, 12, 41, 42, 17, 42, 43, 12, 15, 41, 12, 44, 35, 15, 45, 13, 46, 30, 47, 14, 48, 45, 15, 47, 49, 28, 16, 50, 18, 19, 51, 17, 52, 18, 17, 53, 54, 53, 55, 18, 56, 51, 19, 55, 57, 23, 58, 20, 26, 22, 21, 58, 51, 52, 52, 46, 21, 58, 23, 22, 59, 57, 57, 60, 22, 61, 62, 48, 23, 26, 63, 24, 61, 25, 24, 59, 60, 59, 64, 25, 65, 63, 26, 64, 66, 29, 50, 27, 55, 60, 37, 57, 27, 50, 29, 28, 67, 54, 40, 68, 28, 69, 68, 65, 29, 47, 30, 45, 70, 34, 71, 31, 36, 37, 60, 37, 31, 33, 32, 71, 72, 48, 73, 61, 32, 71, 34, 33, 45, 74, 70, 70, 33, 39, 46, 39, 34, 38, 36, 35, 75, 43, 42, 76, 38, 46, 39, 52, 42, 40, 54, 66, 41, 66, 65, 40, 76, 44, 76, 41, 64, 76, 44, 43, 63, 75, 49, 62, 43, 62, 61, 75, 44, 77, 78, 78, 47, 73, 48, 49, 78, 49, 75, 73, 71, 79, 56, 56, 50, 55, 53, 51, 69, 80, 81, 81, 53, 68, 69, 54, 81, 56, 79, 79, 80, 65, 66, 69, 58, 64, 59, 63, 62, 67, 82, 82, 79, 82, 67, 67, 68, 70, 74, 74, 77, 72, 83, 83, 74, 83, 72, 72, 73, 78, 77, 77, 83, 81, 80, 80, 82]
 
(84, 386) = [1, 2, 2, 3, 0, 4, 4, 5, 4, 0, 0, 6, 7, 8, 8, 0, 2, 1, 1, 9, 10, 11, 12, 1, 13, 14, 14, 2, 3, 15, 15, 10, 15, 3, 3, 14, 16, 17, 18, 4, 5, 19, 20, 7, 20, 21, 5, 18, 19, 5, 22, 17, 6, 23, 23, 16, 23, 6, 6, 8, 8, 7, 7, 24, 9, 25, 26, 13, 26, 27, 9, 12, 25, 9, 28, 11, 12, 29, 10, 30, 11, 10, 31, 32, 31, 33, 11, 34, 29, 12, 33, 35, 14, 13, 13, 36, 36, 32, 30, 15, 18, 37, 16, 38, 17, 16, 39, 40, 39, 41, 17, 42, 37, 18, 41, 43, 22, 44, 19, 45, 40, 24, 46, 19, 21, 20, 44, 47, 38, 48, 24, 20, 44, 22, 21, 49, 50, 43, 51, 21, 52, 53, 42, 22, 24, 40, 38, 23, 28, 54, 25, 55, 32, 36, 56, 25, 27, 26, 54, 57, 30, 58, 36, 26, 54, 28, 27, 59, 51, 35, 50, 27, 60, 61, 34, 28, 33, 31, 29, 62, 63, 64, 65, 29, 58, 30, 66, 64, 67, 68, 69, 31, 56, 66, 32, 69, 70, 71, 68, 33, 34, 42, 60, 67, 42, 34, 52, 71, 35, 51, 72, 63, 72, 62, 35, 68, 41, 39, 37, 72, 65, 73, 63, 37, 48, 38, 74, 73, 71, 70, 75, 39, 46, 74, 40, 75, 68, 67, 70, 41, 43, 50, 62, 65, 62, 72, 43, 70, 61, 60, 53, 44, 45, 55, 76, 52, 76, 77, 45, 46, 55, 45, 78, 60, 74, 46, 48, 79, 47, 80, 59, 50, 59, 49, 47, 53, 80, 47, 81, 48, 49, 59, 57, 61, 57, 81, 49, 51, 53, 52, 61, 54, 78, 82, 55, 56, 66, 56, 58, 83, 81, 57, 80, 58, 64, 63, 79, 81, 79, 83, 64, 82, 73, 65, 83, 80, 77, 76, 82, 66, 69, 75, 67, 78, 75, 69, 71, 76, 83, 79, 73, 77, 82, 78, 77, 74]
 
(84, 389) = [1, 2, 2, 3, 0, 4, 4, 5, 4, 0, 0, 6, 7, 8, 8, 0, 2, 1, 1, 9, 10, 11, 12, 1, 13, 14, 14, 2, 3, 15, 15, 10, 15, 3, 3, 14, 16, 17, 18, 4, 5, 19, 20, 7, 20, 21, 5, 18, 19, 5, 22, 17, 6, 23, 23, 16, 23, 6, 6, 8, 8, 7, 7, 24, 9, 25, 26, 13, 26, 27, 9, 12, 25, 9, 28, 11, 12, 29, 10, 30, 11, 10, 31, 32, 31, 33, 11, 34, 29, 12, 33, 35, 14, 13, 13, 36, 36, 32, 30, 15, 18, 37, 16, 38, 17, 16, 39, 40, 39, 41, 17, 42, 37, 18, 41, 43, 22, 44, 19, 45, 40, 24, 46, 19, 21, 20, 44, 47, 38, 48, 24, 20, 44, 22, 21, 49, 50, 43, 51, 21, 52, 53, 42, 22, 24, 40, 38, 23, 28, 54, 25, 55, 32, 36, 56, 25, 27, 26, 54, 57, 30, 58, 36, 26, 54, 28, 27, 59, 60, 35, 61, 27, 62, 63, 34, 28, 33, 31, 29, 64, 65, 66, 67, 29, 58, 30, 68, 66, 69, 70, 71, 31, 56, 68, 32, 71, 72, 73, 74, 33, 34, 75, 62, 69, 75, 34, 76, 73, 35, 60, 77, 65, 77, 78, 35, 74, 41, 39, 37, 77, 67, 79, 65, 37, 48, 38, 80, 79, 76, 81, 75, 39, 46, 80, 40, 75, 74, 82, 72, 41, 42, 71, 52, 76, 71, 42, 69, 82, 43, 50, 64, 67, 64, 83, 43, 72, 63, 62, 81, 44, 45, 55, 73, 52, 73, 72, 45, 46, 55, 45, 82, 62, 80, 46, 48, 83, 47, 61, 78, 50, 78, 77, 47, 81, 61, 47, 60, 48, 49, 59, 66, 63, 66, 65, 49, 51, 59, 49, 79, 53, 51, 57, 50, 58, 57, 51, 83, 60, 53, 52, 70, 54, 70, 69, 53, 80, 82, 74, 55, 56, 68, 56, 58, 78, 83, 64, 57, 70, 79, 67, 59, 61, 81, 76, 63, 68]
 
(84, 390) = [1, 2, 3, 1, 0, 4, 5, 0, 5, 6, 0, 7, 4, 0, 8, 9, 3, 10, 1, 11, 2, 1, 12, 13, 12, 14, 2, 15, 16, 13, 17, 2, 10, 3, 14, 18, 19, 20, 11, 3, 8, 21, 4, 22, 23, 9, 24, 4, 6, 5, 21, 25, 26, 27, 7, 5, 21, 8, 6, 28, 29, 30, 31, 6, 7, 32, 26, 26, 32, 7, 33, 30, 34, 35, 36, 8, 9, 23, 37, 23, 37, 38, 9, 36, 14, 12, 10, 39, 40, 41, 42, 10, 11, 43, 19, 19, 43, 11, 44, 41, 45, 46, 47, 12, 13, 16, 48, 16, 48, 49, 13, 47, 33, 50, 32, 14, 15, 51, 52, 45, 52, 53, 15, 17, 51, 15, 54, 50, 17, 28, 16, 35, 28, 17, 49, 55, 18, 56, 57, 40, 57, 58, 18, 32, 56, 18, 59, 20, 20, 19, 60, 60, 60, 44, 20, 56, 55, 61, 62, 21, 22, 63, 64, 34, 64, 65, 22, 24, 63, 22, 66, 61, 24, 67, 23, 67, 67, 24, 38, 64, 25, 68, 69, 29, 69, 62, 25, 62, 68, 25, 61, 27, 27, 26, 50, 58, 50, 33, 27, 66, 49, 48, 28, 31, 31, 70, 29, 71, 30, 29, 72, 57, 72, 73, 30, 74, 70, 31, 73, 75, 39, 76, 74, 33, 36, 77, 34, 38, 35, 34, 78, 52, 78, 75, 35, 48, 77, 36, 75, 77, 38, 37, 67, 37, 74, 47, 39, 42, 76, 39, 46, 46, 42, 71, 40, 72, 41, 40, 79, 44, 79, 80, 41, 79, 71, 42, 80, 49, 44, 60, 43, 43, 47, 74, 45, 78, 46, 45, 76, 81, 54, 82, 51, 82, 66, 81, 63, 51, 53, 52, 82, 63, 82, 54, 53, 83, 61, 55, 68, 53, 83, 59, 58, 54, 62, 69, 55, 80, 59, 83, 56, 59, 58, 57, 83, 68, 65, 64, 81, 65, 81, 66, 65, 76, 80, 79, 71, 69, 73, 72, 70, 70, 75, 78, 77, 73]
 
(84, 394) = [1, 2, 3, 4, 0, 5, 4, 6, 4, 7, 0, 8, 5, 0, 9, 10, 2, 1, 11, 0, 3, 12, 1, 13, 8, 10, 14, 1, 11, 15, 2, 16, 6, 17, 18, 2, 12, 3, 15, 19, 18, 20, 6, 3, 7, 4, 21, 17, 9, 21, 5, 22, 23, 24, 25, 5, 17, 6, 26, 24, 21, 9, 7, 27, 24, 23, 28, 7, 14, 29, 8, 11, 10, 8, 30, 23, 31, 32, 33, 9, 30, 34, 10, 33, 15, 11, 12, 35, 36, 37, 38, 12, 13, 39, 16, 18, 16, 40, 13, 14, 39, 13, 41, 37, 29, 14, 34, 42, 43, 44, 45, 15, 40, 16, 46, 44, 26, 47, 17, 48, 20, 18, 47, 49, 19, 50, 51, 36, 51, 52, 19, 45, 50, 19, 53, 20, 47, 26, 20, 54, 52, 51, 48, 21, 22, 55, 56, 31, 56, 57, 22, 25, 55, 22, 58, 51, 25, 59, 23, 60, 28, 61, 24, 62, 59, 25, 61, 63, 64, 65, 62, 26, 27, 58, 57, 52, 57, 56, 27, 28, 58, 27, 55, 32, 61, 28, 59, 66, 34, 30, 29, 67, 68, 35, 69, 29, 70, 71, 60, 30, 33, 69, 31, 70, 32, 31, 35, 38, 35, 68, 32, 43, 69, 33, 68, 72, 73, 72, 74, 34, 38, 45, 36, 58, 37, 36, 44, 75, 44, 43, 37, 76, 45, 38, 43, 55, 41, 46, 39, 61, 75, 49, 63, 39, 46, 41, 40, 59, 76, 42, 66, 40, 66, 60, 76, 41, 42, 76, 71, 68, 71, 70, 42, 74, 63, 62, 75, 46, 77, 78, 79, 47, 48, 53, 52, 64, 53, 48, 50, 78, 49, 75, 65, 50, 65, 64, 49, 79, 80, 79, 54, 53, 54, 81, 80, 77, 81, 54, 78, 65, 60, 66, 70, 56, 62, 63, 64, 57, 67, 82, 83, 73, 83, 74, 67, 69, 82, 67, 72, 71, 72, 73, 82, 83, 74, 83, 73, 82, 79, 80, 77, 81, 78, 77, 81, 80]
 
