(8, 1) = [0, 1, 2, 2, 2, 3, 0, 1, 1, 0, 4, 0, 4, 5, 1, 4, 3, 2, 5, 3, 5, 4, 3, 6, 7, 6, 6, 5, 6, 7, 7, 7]
 
(16, 1) = [1, 2, 2, 2, 0, 3, 3, 4, 3, 0, 0, 0, 2, 1, 1, 5, 5, 6, 7, 1, 4, 8, 9, 3, 9, 10, 4, 9, 8, 4, 11, 8, 7, 12, 5, 7, 6, 5, 13, 6, 13, 14, 6, 14, 12, 7, 14, 13, 11, 15, 8, 15, 10, 9, 15, 11, 15, 11, 10, 10, 14, 13, 12, 12]
 
(24, 3) = [0, 1, 2, 3, 2, 4, 0, 1, 1, 0, 5, 6, 7, 8, 9, 0, 5, 10, 1, 9, 4, 2, 10, 11, 6, 12, 13, 2, 3, 14, 8, 7, 8, 7, 3, 13, 14, 3, 15, 4, 10, 5, 4, 16, 17, 18, 12, 5, 13, 11, 6, 12, 12, 6, 17, 8, 9, 15, 7, 17, 15, 9, 14, 19, 20, 19, 21, 10, 11, 13, 18, 14, 18, 17, 11, 21, 22, 21, 16, 15, 16, 23, 22, 20, 23, 16, 19, 18, 19, 20, 23, 22, 21, 22, 20, 23]
 
(24, 7) = [0, 1, 2, 3, 2, 4, 0, 5, 1, 0, 6, 7, 8, 9, 9, 0, 6, 10, 1, 11, 12, 13, 14, 1, 4, 2, 10, 15, 16, 17, 13, 2, 3, 18, 18, 8, 18, 3, 3, 13, 10, 6, 4, 19, 20, 14, 17, 4, 5, 19, 21, 16, 21, 7, 5, 9, 19, 5, 11, 14, 17, 16, 20, 6, 7, 21, 15, 12, 15, 11, 7, 20, 9, 8, 8, 22, 14, 20, 12, 10, 11, 15, 19, 17, 13, 12, 16, 23, 23, 22, 22, 18, 22, 23, 23, 21]
 
(32, 2) = [0, 1, 2, 3, 2, 4, 0, 1, 1, 0, 5, 6, 7, 8, 9, 0, 5, 10, 1, 9, 4, 2, 10, 11, 6, 12, 13, 2, 3, 14, 15, 7, 15, 16, 3, 13, 14, 3, 17, 4, 10, 5, 4, 18, 19, 17, 16, 5, 13, 20, 6, 16, 12, 6, 21, 8, 9, 22, 7, 19, 8, 7, 23, 23, 23, 11, 8, 12, 22, 9, 11, 24, 25, 24, 24, 10, 11, 23, 22, 14, 21, 26, 12, 21, 20, 13, 26, 20, 17, 19, 14, 27, 16, 15, 19, 15, 28, 18, 18, 17, 18, 28, 28, 25, 26, 21, 20, 29, 30, 27, 27, 22, 24, 25, 25, 30, 31, 29, 29, 26, 27, 30, 30, 28, 29, 31, 31, 31]
 
(32, 6) = [1, 0, 0, 2, 0, 1, 1, 3, 4, 5, 6, 0, 7, 8, 9, 1, 2, 10, 11, 7, 11, 6, 2, 6, 10, 2, 5, 5, 3, 12, 13, 4, 13, 14, 3, 9, 12, 3, 15, 8, 6, 11, 4, 16, 5, 4, 10, 17, 9, 18, 7, 19, 8, 7, 20, 21, 20, 22, 8, 23, 18, 9, 22, 24, 17, 21, 25, 10, 16, 26, 19, 11, 15, 27, 12, 27, 21, 17, 28, 12, 14, 13, 27, 28, 19, 29, 16, 13, 27, 15, 14, 30, 31, 24, 29, 14, 30, 25, 23, 15, 26, 16, 24, 26, 25, 30, 17, 25, 22, 20, 18, 18, 29, 19, 31, 20, 28, 23, 21, 31, 24, 31, 26, 22, 23, 28, 30, 29]
 
(40, 14) = [0, 1, 2, 3, 2, 4, 0, 2, 1, 0, 5, 1, 6, 3, 3, 0, 5, 7, 1, 8, 4, 2, 7, 9, 3, 6, 6, 6, 7, 5, 4, 10, 11, 9, 12, 4, 13, 14, 8, 5, 15, 16, 17, 7, 8, 18, 13, 13, 18, 8, 19, 16, 9, 11, 20, 11, 20, 21, 9, 17, 10, 22, 23, 15, 23, 24, 10, 12, 22, 10, 25, 14, 12, 26, 11, 24, 26, 12, 21, 26, 14, 13, 27, 28, 27, 19, 14, 29, 17, 30, 15, 31, 16, 15, 32, 32, 32, 28, 16, 18, 30, 17, 28, 33, 19, 27, 18, 19, 21, 20, 26, 34, 31, 25, 24, 20, 35, 33, 34, 21, 25, 31, 22, 36, 28, 32, 30, 22, 24, 23, 31, 23, 37, 34, 29, 25, 38, 29, 33, 27, 29, 38, 37, 38, 39, 36, 36, 30, 33, 35, 38, 39, 34, 37, 35, 35, 36, 39, 39, 37]
 
(48, 12) = [0, 1, 2, 3, 2, 4, 0, 1, 1, 0, 5, 6, 7, 8, 9, 0, 5, 10, 1, 9, 4, 2, 10, 11, 6, 12, 13, 2, 3, 14, 15, 7, 15, 16, 3, 13, 14, 3, 17, 4, 10, 5, 4, 18, 19, 20, 21, 5, 13, 22, 6, 21, 12, 6, 23, 8, 9, 24, 7, 19, 8, 7, 25, 26, 25, 27, 8, 16, 24, 9, 27, 28, 29, 28, 30, 10, 11, 26, 20, 14, 20, 19, 11, 30, 26, 11, 31, 12, 23, 32, 12, 33, 22, 13, 32, 27, 17, 34, 14, 35, 16, 15, 34, 36, 21, 31, 19, 15, 34, 17, 16, 23, 37, 38, 18, 17, 18, 39, 37, 29, 39, 18, 35, 20, 31, 21, 26, 40, 32, 23, 22, 38, 41, 40, 42, 22, 27, 25, 24, 41, 43, 30, 44, 24, 36, 45, 40, 25, 28, 29, 46, 43, 46, 44, 28, 32, 30, 43, 29, 39, 45, 36, 33, 31, 33, 42, 45, 34, 42, 33, 41, 44, 35, 47, 39, 37, 47, 35, 38, 42, 40, 41, 36, 45, 38, 37, 47, 46, 44, 46, 43, 47]
 
(48, 17) = [0, 1, 2, 3, 2, 4, 0, 1, 1, 0, 5, 6, 7, 8, 9, 0, 5, 10, 1, 9, 4, 2, 10, 11, 6, 12, 13, 2, 3, 14, 15, 7, 15, 16, 3, 13, 14, 3, 17, 4, 10, 5, 4, 18, 19, 20, 21, 5, 13, 22, 6, 21, 12, 6, 23, 8, 9, 24, 7, 19, 8, 7, 25, 26, 25, 27, 8, 28, 24, 9, 27, 29, 30, 29, 31, 10, 11, 26, 32, 14, 32, 33, 11, 31, 26, 11, 34, 12, 23, 35, 12, 36, 22, 13, 35, 37, 17, 36, 14, 38, 16, 15, 36, 34, 21, 39, 19, 15, 36, 17, 16, 33, 40, 37, 39, 16, 41, 31, 18, 17, 18, 42, 41, 30, 42, 18, 29, 20, 20, 19, 37, 43, 37, 40, 20, 27, 39, 21, 40, 25, 35, 23, 22, 44, 27, 25, 24, 22, 33, 32, 28, 23, 45, 43, 44, 24, 34, 28, 26, 40, 28, 34, 33, 39, 29, 30, 42, 45, 31, 41, 30, 46, 46, 44, 38, 32, 47, 38, 43, 35, 38, 47, 46, 41, 43, 45, 47, 42, 44, 46, 45, 47]
 
(48, 26) = [0, 1, 2, 3, 2, 4, 0, 5, 1, 0, 6, 7, 8, 9, 9, 0, 6, 10, 1, 11, 12, 13, 14, 1, 4, 2, 10, 15, 16, 17, 13, 2, 3, 18, 18, 8, 18, 3, 3, 13, 10, 6, 4, 19, 20, 14, 17, 4, 5, 21, 22, 16, 22, 7, 5, 9, 21, 5, 11, 14, 23, 24, 25, 6, 7, 22, 26, 12, 26, 11, 7, 25, 9, 8, 8, 27, 28, 25, 29, 10, 11, 26, 21, 23, 14, 20, 12, 30, 13, 12, 16, 31, 15, 32, 33, 20, 33, 34, 15, 29, 32, 15, 19, 17, 17, 16, 20, 35, 31, 27, 27, 18, 19, 36, 32, 28, 36, 19, 34, 24, 30, 35, 37, 21, 27, 31, 31, 22, 25, 28, 23, 37, 24, 23, 38, 39, 38, 29, 24, 40, 37, 39, 30, 26, 29, 38, 28, 41, 35, 30, 41, 32, 34, 33, 36, 42, 41, 43, 35, 33, 44, 40, 40, 34, 39, 37, 43, 36, 45, 46, 46, 38, 43, 41, 39, 46, 40, 44, 44, 45, 42, 47, 47, 44, 47, 42, 42, 43, 46, 45, 45, 47]
 
(48, 33) = [0, 1, 2, 3, 2, 4, 0, 5, 1, 0, 6, 7, 8, 9, 10, 0, 6, 11, 1, 12, 13, 14, 15, 1, 4, 2, 11, 16, 17, 18, 19, 2, 3, 20, 21, 8, 21, 10, 3, 19, 20, 3, 9, 14, 11, 6, 4, 22, 23, 24, 25, 4, 5, 25, 26, 17, 26, 27, 5, 10, 25, 5, 23, 24, 28, 29, 30, 6, 7, 31, 32, 13, 32, 33, 7, 30, 31, 7, 34, 9, 10, 21, 8, 35, 9, 8, 20, 36, 37, 38, 39, 11, 12, 15, 40, 28, 40, 41, 12, 15, 15, 12, 13, 38, 14, 13, 41, 42, 41, 40, 14, 34, 16, 30, 43, 23, 43, 44, 16, 39, 30, 16, 28, 18, 19, 39, 17, 45, 18, 17, 38, 32, 38, 37, 18, 40, 39, 19, 37, 27, 42, 36, 46, 20, 45, 46, 35, 21, 22, 34, 33, 37, 33, 32, 22, 25, 34, 22, 31, 29, 24, 23, 27, 33, 27, 26, 24, 43, 35, 47, 45, 26, 29, 28, 44, 41, 44, 43, 29, 47, 36, 42, 47, 31, 47, 35, 36, 46, 46, 45, 42, 44]
 
(48, 48) = [1, 2, 2, 3, 0, 4, 4, 5, 4, 0, 0, 6, 7, 8, 8, 0, 2, 1, 1, 9, 10, 11, 12, 1, 13, 14, 14, 2, 3, 15, 15, 10, 15, 3, 3, 14, 16, 17, 18, 4, 5, 19, 20, 7, 20, 21, 5, 18, 19, 5, 22, 17, 6, 23, 23, 16, 23, 6, 6, 8, 8, 7, 7, 24, 9, 25, 26, 13, 26, 27, 9, 12, 25, 9, 28, 11, 12, 29, 10, 30, 11, 10, 31, 32, 31, 33, 11, 34, 29, 12, 33, 35, 14, 13, 13, 36, 36, 32, 30, 15, 18, 37, 16, 38, 17, 16, 35, 39, 35, 40, 17, 41, 37, 18, 40, 42, 22, 43, 19, 40, 39, 24, 42, 19, 21, 20, 43, 44, 38, 45, 24, 20, 43, 22, 21, 46, 47, 42, 45, 21, 27, 26, 41, 22, 24, 39, 38, 23, 28, 41, 25, 43, 32, 36, 44, 25, 30, 46, 36, 26, 41, 28, 27, 29, 40, 35, 37, 27, 46, 30, 34, 28, 33, 31, 29, 37, 45, 38, 47, 31, 44, 34, 32, 47, 42, 47, 39, 33, 34, 44, 46, 45]
 
(48, 50) = [1, 2, 2, 3, 0, 4, 4, 5, 4, 0, 0, 6, 7, 8, 8, 0, 2, 1, 1, 9, 10, 11, 12, 1, 13, 14, 14, 2, 3, 15, 15, 10, 15, 3, 3, 14, 16, 17, 18, 4, 5, 19, 20, 7, 20, 21, 5, 18, 19, 5, 22, 17, 6, 23, 23, 16, 23, 6, 6, 8, 8, 7, 7, 24, 9, 25, 26, 13, 26, 27, 9, 12, 25, 9, 28, 11, 12, 29, 10, 30, 11, 10, 31, 32, 31, 33, 11, 34, 29, 12, 33, 35, 14, 13, 13, 36, 36, 32, 30, 15, 18, 37, 16, 38, 17, 16, 39, 40, 39, 41, 17, 42, 37, 18, 41, 43, 22, 44, 19, 41, 40, 24, 43, 19, 21, 20, 44, 39, 38, 45, 24, 20, 44, 22, 21, 37, 42, 43, 45, 21, 45, 38, 42, 22, 24, 40, 38, 23, 28, 46, 25, 33, 32, 36, 35, 25, 27, 26, 46, 31, 30, 47, 36, 26, 46, 28, 27, 29, 34, 35, 47, 27, 47, 30, 34, 28, 33, 31, 29, 47, 35, 34, 32, 46, 41, 39, 37, 45, 43, 42, 40, 44]
 
(48, 52) = [1, 2, 3, 1, 0, 4, 5, 0, 5, 6, 0, 7, 4, 0, 8, 9, 3, 10, 1, 11, 2, 1, 12, 13, 12, 14, 2, 15, 16, 13, 17, 2, 10, 3, 14, 14, 18, 15, 11, 3, 8, 19, 4, 20, 21, 9, 22, 4, 6, 5, 19, 23, 24, 25, 7, 5, 19, 8, 6, 8, 26, 27, 9, 6, 7, 28, 24, 24, 28, 7, 29, 27, 9, 21, 26, 21, 14, 12, 10, 30, 30, 31, 32, 10, 11, 33, 18, 18, 33, 11, 34, 31, 35, 36, 37, 12, 13, 16, 38, 16, 38, 39, 13, 37, 15, 18, 40, 35, 40, 34, 15, 17, 17, 41, 16, 41, 41, 17, 39, 40, 20, 42, 43, 19, 43, 44, 20, 22, 42, 20, 45, 42, 22, 46, 21, 44, 46, 22, 27, 46, 23, 45, 44, 26, 44, 43, 23, 43, 45, 23, 42, 25, 25, 24, 47, 47, 47, 29, 25, 45, 27, 26, 46, 29, 29, 47, 28, 28, 32, 37, 30, 32, 31, 30, 36, 36, 36, 35, 31, 33, 37, 32, 35, 39, 34, 40, 33, 34, 39, 38, 41, 38]
 
(48, 56) = [1, 2, 3, 4, 0, 5, 6, 7, 6, 7, 0, 8, 5, 0, 9, 10, 11, 12, 13, 0, 3, 14, 1, 15, 2, 1, 16, 17, 16, 18, 2, 1, 19, 20, 15, 2, 14, 3, 18, 21, 22, 23, 24, 3, 4, 24, 25, 16, 25, 26, 4, 24, 24, 4, 22, 20, 9, 27, 5, 28, 29, 8, 30, 5, 7, 6, 27, 11, 31, 32, 33, 6, 27, 9, 7, 33, 8, 29, 32, 31, 32, 31, 8, 13, 34, 35, 36, 9, 10, 13, 37, 29, 37, 38, 10, 36, 13, 10, 11, 12, 12, 11, 38, 32, 38, 37, 12, 27, 18, 16, 14, 26, 39, 40, 41, 14, 15, 42, 19, 22, 42, 15, 43, 40, 17, 43, 20, 19, 20, 19, 17, 25, 43, 17, 42, 18, 21, 44, 45, 39, 45, 41, 21, 42, 44, 21, 40, 23, 23, 22, 26, 41, 26, 25, 23, 43, 28, 46, 47, 34, 47, 36, 28, 30, 46, 28, 35, 37, 30, 33, 29, 35, 33, 30, 31, 38, 36, 47, 34, 46, 35, 34, 46, 47, 41, 45, 39, 44, 40, 39, 44, 45]
 
(56, 15) = [0, 1, 2, 3, 2, 4, 0, 2, 1, 0, 5, 1, 6, 3, 3, 0, 5, 7, 1, 8, 4, 2, 7, 9, 3, 6, 6, 6, 7, 5, 4, 10, 11, 9, 12, 4, 13, 14, 8, 5, 15, 16, 17, 7, 8, 18, 13, 13, 18, 8, 19, 16, 9, 11, 20, 11, 20, 21, 9, 17, 10, 22, 23, 15, 23, 24, 10, 12, 22, 10, 25, 14, 12, 26, 11, 27, 26, 12, 21, 28, 14, 13, 29, 30, 29, 19, 14, 31, 17, 32, 15, 33, 16, 15, 34, 35, 34, 36, 16, 37, 32, 17, 36, 38, 19, 29, 18, 39, 35, 30, 40, 18, 41, 42, 37, 19, 21, 20, 26, 43, 33, 44, 27, 20, 45, 38, 46, 21, 25, 39, 22, 47, 30, 35, 42, 22, 24, 23, 39, 40, 27, 48, 33, 23, 39, 25, 24, 41, 49, 28, 48, 24, 50, 51, 31, 25, 36, 34, 32, 26, 48, 27, 49, 34, 28, 49, 44, 36, 44, 33, 28, 46, 52, 47, 51, 29, 42, 41, 30, 51, 31, 53, 50, 52, 53, 31, 47, 42, 54, 46, 43, 32, 40, 37, 35, 49, 37, 40, 41, 48, 38, 45, 55, 54, 55, 43, 38, 44, 43, 55, 54, 45, 46, 54, 45, 55, 47, 52, 53, 50, 51, 50, 52, 53]
 
(56, 19) = [0, 1, 2, 3, 2, 4, 0, 5, 1, 0, 6, 7, 8, 9, 10, 0, 6, 11, 1, 12, 13, 14, 9, 1, 4, 2, 11, 15, 16, 17, 18, 2, 3, 19, 20, 8, 20, 5, 3, 18, 19, 3, 21, 14, 11, 6, 4, 22, 23, 18, 24, 4, 5, 20, 25, 16, 25, 21, 5, 10, 26, 27, 28, 6, 7, 29, 30, 13, 30, 31, 7, 28, 29, 7, 12, 9, 10, 32, 8, 33, 9, 8, 13, 34, 32, 10, 14, 35, 36, 37, 38, 11, 12, 39, 29, 26, 39, 12, 31, 37, 14, 13, 32, 40, 15, 41, 42, 23, 42, 33, 15, 38, 41, 15, 43, 17, 18, 23, 16, 44, 17, 16, 45, 43, 45, 24, 17, 45, 21, 25, 19, 46, 40, 34, 27, 19, 44, 43, 33, 20, 47, 35, 35, 21, 22, 48, 49, 36, 49, 50, 22, 24, 48, 22, 46, 27, 24, 45, 23, 50, 33, 42, 44, 25, 28, 51, 26, 51, 27, 26, 40, 52, 51, 28, 34, 30, 34, 40, 51, 29, 31, 30, 39, 31, 53, 38, 52, 32, 35, 47, 47, 53, 38, 53, 36, 54, 37, 36, 55, 55, 55, 52, 37, 39, 43, 44, 41, 41, 54, 46, 50, 42, 46, 54, 48, 47, 52, 55, 53, 48, 50, 49, 54, 49]
 
(56, 22) = [0, 1, 2, 3, 2, 4, 0, 5, 1, 0, 6, 7, 8, 9, 10, 0, 6, 11, 1, 12, 13, 14, 15, 1, 4, 2, 11, 16, 17, 18, 19, 2, 3, 20, 21, 8, 21, 22, 3, 19, 20, 3, 23, 14, 11, 6, 4, 24, 25, 26, 27, 4, 5, 28, 29, 17, 29, 30, 5, 10, 28, 5, 31, 26, 32, 33, 34, 6, 7, 35, 26, 13, 26, 25, 7, 34, 35, 7, 36, 9, 10, 37, 8, 38, 9, 8, 39, 39, 39, 40, 9, 35, 37, 10, 40, 41, 42, 43, 44, 11, 12, 45, 18, 32, 18, 17, 12, 15, 45, 12, 46, 43, 15, 34, 13, 31, 14, 13, 33, 40, 33, 32, 14, 47, 34, 15, 32, 28, 16, 31, 30, 25, 30, 29, 16, 44, 31, 16, 28, 18, 19, 46, 17, 22, 46, 19, 45, 46, 23, 38, 20, 48, 40, 39, 37, 20, 22, 21, 38, 21, 38, 23, 22, 29, 49, 44, 47, 23, 24, 50, 51, 42, 51, 52, 24, 27, 50, 24, 41, 33, 27, 36, 25, 52, 36, 27, 35, 36, 53, 41, 52, 30, 54, 48, 48, 37, 41, 53, 50, 54, 44, 49, 42, 53, 43, 42, 55, 55, 55, 47, 43, 45, 47, 55, 49, 50, 48, 54, 54, 49, 52, 51, 53, 51]
 
(64, 25) = [0, 1, 2, 3, 2, 4, 0, 2, 1, 0, 5, 1, 6, 3, 3, 0, 5, 7, 1, 8, 4, 2, 7, 9, 3, 6, 6, 6, 7, 5, 4, 10, 11, 9, 12, 4, 13, 14, 8, 5, 15, 16, 17, 7, 8, 18, 13, 13, 18, 8, 19, 16, 9, 11, 20, 11, 20, 21, 9, 17, 10, 22, 23, 15, 23, 24, 10, 12, 22, 10, 25, 14, 12, 26, 11, 27, 26, 12, 21, 28, 14, 13, 29, 30, 29, 19, 14, 31, 17, 32, 15, 33, 16, 15, 34, 35, 34, 28, 16, 24, 32, 17, 28, 36, 19, 29, 18, 37, 35, 30, 38, 18, 39, 25, 24, 19, 21, 20, 26, 40, 33, 41, 27, 20, 42, 36, 36, 21, 25, 39, 22, 43, 30, 35, 44, 22, 24, 23, 39, 45, 27, 46, 33, 23, 47, 31, 31, 25, 48, 49, 41, 26, 46, 27, 49, 49, 28, 34, 32, 48, 50, 51, 51, 29, 44, 37, 30, 51, 31, 47, 47, 50, 52, 53, 53, 32, 41, 33, 48, 53, 45, 54, 55, 34, 38, 56, 35, 55, 36, 42, 42, 52, 37, 44, 56, 39, 56, 38, 37, 38, 40, 57, 57, 42, 57, 40, 40, 41, 43, 58, 58, 47, 58, 43, 43, 44, 55, 59, 45, 56, 54, 45, 60, 46, 49, 48, 46, 54, 51, 50, 50, 58, 53, 52, 52, 57, 60, 61, 54, 60, 59, 55, 61, 59, 61, 60, 59, 62, 63, 62, 62, 61, 62, 63, 63, 63]
 
(64, 27) = [0, 1, 2, 3, 2, 4, 0, 2, 1, 0, 5, 1, 6, 3, 3, 0, 5, 7, 1, 8, 4, 2, 7, 9, 3, 6, 6, 6, 7, 5, 4, 10, 11, 9, 12, 4, 13, 14, 8, 5, 15, 16, 17, 7, 8, 18, 13, 13, 18, 8, 19, 16, 9, 11, 20, 11, 20, 21, 9, 17, 10, 22, 23, 15, 23, 24, 10, 12, 22, 10, 25, 14, 12, 26, 11, 27, 26, 12, 21, 28, 14, 13, 29, 30, 29, 19, 14, 31, 17, 32, 15, 33, 16, 15, 34, 35, 34, 36, 16, 37, 32, 17, 36, 38, 19, 29, 18, 39, 35, 30, 40, 18, 41, 42, 37, 19, 21, 20, 26, 43, 33, 44, 27, 20, 45, 38, 46, 21, 25, 47, 22, 48, 30, 35, 44, 22, 24, 23, 47, 49, 27, 40, 33, 23, 47, 25, 24, 47, 50, 28, 49, 24, 51, 48, 31, 25, 52, 53, 42, 26, 40, 27, 35, 53, 28, 50, 54, 52, 54, 39, 28, 46, 55, 46, 56, 29, 44, 33, 30, 56, 31, 57, 51, 55, 57, 31, 43, 42, 36, 34, 32, 36, 58, 56, 38, 32, 59, 37, 53, 34, 37, 59, 41, 59, 38, 45, 58, 58, 39, 54, 60, 41, 60, 49, 39, 40, 42, 41, 52, 61, 43, 62, 57, 45, 62, 43, 48, 44, 46, 55, 45, 63, 48, 51, 62, 51, 49, 60, 50, 50, 53, 52, 59, 60, 63, 61, 61, 54, 56, 58, 55, 62, 61, 63, 63, 57]
 
(64, 29) = [0, 1, 2, 3, 2, 4, 0, 5, 1, 0, 6, 7, 8, 9, 9, 0, 6, 10, 1, 11, 12, 13, 14, 1, 4, 2, 10, 15, 16, 17, 13, 2, 3, 18, 18, 8, 18, 3, 3, 13, 10, 6, 4, 19, 20, 21, 22, 4, 5, 23, 24, 16, 24, 7, 5, 9, 23, 5, 25, 21, 26, 27, 28, 6, 7, 24, 29, 12, 29, 25, 7, 28, 9, 8, 8, 30, 31, 32, 33, 10, 11, 34, 35, 26, 35, 36, 11, 14, 34, 11, 37, 32, 14, 38, 12, 38, 13, 12, 16, 39, 38, 14, 17, 35, 15, 28, 40, 20, 40, 41, 15, 33, 28, 15, 26, 17, 17, 16, 38, 29, 39, 30, 30, 18, 19, 42, 43, 31, 43, 44, 19, 22, 42, 19, 45, 27, 22, 46, 20, 44, 21, 20, 47, 25, 47, 48, 21, 47, 46, 22, 48, 46, 25, 29, 23, 23, 30, 39, 39, 24, 27, 26, 41, 49, 41, 40, 27, 50, 33, 51, 31, 52, 32, 31, 53, 53, 53, 49, 32, 34, 51, 33, 49, 54, 37, 55, 34, 37, 36, 35, 55, 36, 55, 37, 36, 56, 52, 45, 44, 40, 57, 54, 54, 41, 45, 52, 42, 58, 49, 53, 51, 42, 44, 43, 52, 43, 59, 50, 50, 45, 48, 47, 46, 60, 61, 60, 60, 48, 50, 59, 59, 57, 62, 58, 58, 51, 54, 57, 57, 62, 63, 56, 56, 55, 56, 63, 63, 63, 58, 62, 62, 59, 60, 61, 61, 61]
 
(64, 32) = [1, 2, 2, 2, 0, 3, 3, 4, 3, 0, 0, 0, 2, 1, 1, 5, 5, 6, 7, 1, 4, 8, 9, 3, 9, 10, 4, 9, 8, 4, 11, 8, 7, 12, 5, 7, 6, 5, 13, 6, 13, 14, 6, 15, 12, 7, 14, 16, 11, 17, 8, 18, 10, 9, 17, 19, 17, 11, 10, 20, 21, 19, 22, 10, 23, 24, 18, 11, 14, 13, 12, 25, 26, 16, 27, 12, 28, 29, 15, 13, 30, 31, 32, 14, 15, 33, 28, 28, 33, 15, 34, 31, 16, 26, 35, 26, 35, 36, 16, 32, 37, 38, 39, 17, 18, 40, 23, 23, 40, 18, 41, 38, 19, 21, 42, 21, 42, 43, 19, 39, 20, 44, 38, 37, 38, 37, 20, 22, 44, 20, 45, 24, 22, 46, 21, 40, 46, 22, 43, 44, 24, 23, 47, 46, 47, 41, 24, 48, 25, 49, 31, 30, 31, 30, 25, 27, 49, 25, 50, 29, 27, 51, 26, 33, 51, 27, 36, 49, 29, 28, 52, 51, 52, 34, 29, 53, 32, 50, 30, 34, 50, 32, 49, 54, 34, 52, 33, 35, 36, 35, 51, 55, 56, 54, 54, 36, 39, 45, 37, 41, 45, 39, 44, 57, 41, 47, 40, 42, 43, 42, 46, 58, 59, 57, 57, 43, 60, 48, 48, 45, 61, 58, 58, 47, 48, 60, 60, 61, 62, 53, 53, 50, 63, 55, 55, 52, 53, 62, 62, 63, 54, 56, 56, 62, 55, 63, 63, 56, 57, 59, 59, 60, 58, 61, 61, 59]
 
(64, 37) = [1, 2, 2, 3, 0, 4, 4, 5, 4, 0, 0, 6, 7, 8, 9, 0, 2, 1, 1, 10, 11, 12, 13, 1, 14, 15, 16, 2, 3, 17, 18, 11, 18, 16, 3, 16, 17, 3, 15, 15, 19, 20, 21, 4, 5, 22, 23, 7, 23, 24, 5, 21, 22, 5, 25, 20, 6, 26, 27, 19, 27, 9, 6, 9, 26, 6, 8, 8, 9, 27, 7, 28, 8, 7, 26, 29, 10, 30, 31, 14, 31, 32, 10, 13, 30, 10, 33, 12, 13, 34, 11, 35, 12, 11, 36, 37, 36, 38, 12, 39, 34, 13, 38, 40, 16, 18, 14, 41, 15, 14, 17, 42, 42, 37, 43, 17, 41, 44, 35, 18, 21, 45, 19, 46, 20, 19, 47, 48, 47, 49, 20, 50, 45, 21, 49, 51, 25, 52, 22, 52, 48, 29, 53, 22, 24, 23, 52, 53, 46, 54, 28, 23, 52, 25, 24, 55, 56, 51, 54, 24, 55, 57, 50, 25, 29, 48, 57, 26, 28, 58, 46, 27, 58, 28, 51, 58, 57, 55, 29, 57, 33, 59, 30, 59, 37, 42, 60, 30, 32, 31, 59, 60, 35, 61, 41, 31, 59, 33, 32, 62, 63, 40, 61, 32, 62, 43, 39, 33, 38, 36, 34, 34, 61, 35, 63, 36, 60, 39, 37, 63, 40, 63, 44, 38, 39, 60, 62, 61, 44, 41, 40, 44, 43, 62, 42, 43, 49, 47, 45, 45, 54, 46, 56, 47, 53, 50, 48, 56, 51, 56, 58, 49, 50, 53, 55, 54]
 
(72, 103) = [0, 1, 2, 3, 2, 4, 0, 1, 1, 0, 5, 6, 7, 8, 9, 0, 5, 10, 1, 9, 4, 2, 10, 11, 6, 12, 13, 2, 3, 14, 15, 7, 15, 16, 3, 13, 14, 3, 17, 4, 10, 5, 4, 18, 19, 20, 21, 5, 13, 22, 6, 21, 12, 6, 23, 8, 9, 24, 7, 19, 8, 7, 25, 26, 25, 27, 8, 16, 24, 9, 27, 28, 29, 28, 30, 10, 11, 26, 31, 14, 31, 32, 11, 30, 26, 11, 33, 12, 23, 34, 12, 35, 22, 13, 34, 27, 17, 36, 14, 37, 16, 15, 36, 38, 21, 39, 19, 15, 36, 17, 16, 23, 40, 41, 18, 17, 18, 42, 40, 29, 42, 18, 43, 20, 20, 19, 44, 45, 44, 46, 20, 47, 39, 21, 46, 48, 34, 23, 22, 41, 49, 48, 50, 22, 27, 25, 24, 49, 51, 45, 52, 24, 38, 53, 54, 25, 33, 55, 26, 54, 28, 29, 56, 51, 56, 57, 28, 34, 30, 58, 29, 59, 58, 30, 57, 60, 32, 31, 55, 61, 59, 52, 37, 31, 55, 33, 32, 62, 63, 60, 53, 32, 64, 65, 35, 33, 35, 66, 64, 36, 66, 35, 67, 57, 37, 68, 59, 40, 68, 37, 45, 66, 54, 47, 38, 64, 53, 38, 63, 39, 46, 44, 39, 69, 41, 40, 70, 56, 70, 43, 41, 50, 43, 70, 42, 58, 45, 51, 68, 42, 60, 63, 47, 43, 67, 71, 66, 44, 65, 64, 71, 46, 47, 54, 60, 67, 48, 49, 62, 53, 62, 69, 48, 71, 50, 61, 49, 52, 61, 50, 69, 63, 52, 59, 51, 70, 71, 67, 65, 55, 57, 56, 58, 68, 69, 62, 61, 65]
 
(72, 104) = [0, 1, 2, 3, 2, 4, 0, 1, 1, 0, 5, 6, 7, 8, 9, 0, 5, 10, 1, 9, 4, 2, 10, 11, 6, 12, 13, 2, 3, 14, 15, 7, 15, 16, 3, 13, 14, 3, 17, 4, 10, 5, 4, 18, 19, 20, 21, 5, 13, 22, 6, 21, 12, 6, 23, 8, 9, 24, 7, 19, 8, 7, 25, 26, 25, 27, 8, 28, 24, 9, 27, 29, 30, 29, 31, 10, 11, 26, 20, 14, 20, 19, 11, 31, 26, 11, 32, 12, 23, 33, 12, 34, 22, 13, 33, 35, 17, 36, 14, 37, 16, 15, 36, 38, 21, 32, 19, 15, 36, 17, 16, 39, 40, 35, 41, 16, 42, 43, 18, 17, 18, 44, 42, 30, 44, 18, 37, 20, 32, 21, 26, 45, 33, 23, 22, 46, 47, 45, 48, 22, 49, 50, 28, 23, 27, 25, 24, 51, 52, 31, 53, 24, 54, 55, 45, 25, 56, 57, 58, 27, 28, 59, 49, 54, 59, 28, 60, 57, 29, 30, 61, 52, 61, 53, 29, 58, 31, 52, 30, 44, 62, 38, 34, 32, 63, 64, 65, 33, 34, 58, 62, 49, 58, 34, 56, 64, 35, 40, 66, 47, 66, 67, 35, 65, 67, 66, 68, 36, 37, 69, 44, 42, 69, 37, 43, 66, 38, 62, 57, 40, 57, 56, 38, 68, 39, 48, 55, 67, 55, 54, 39, 41, 48, 39, 47, 43, 41, 68, 40, 60, 68, 41, 67, 59, 43, 42, 69, 70, 45, 47, 54, 62, 46, 71, 70, 63, 70, 65, 46, 48, 71, 46, 64, 50, 50, 49, 51, 53, 51, 60, 50, 56, 60, 51, 59, 55, 53, 61, 52, 71, 64, 63, 71, 61, 65, 70, 63, 69]
 
(72, 110) = [0, 1, 2, 3, 2, 4, 0, 1, 1, 0, 5, 6, 7, 8, 9, 0, 5, 10, 1, 9, 4, 2, 10, 11, 6, 12, 13, 2, 3, 14, 15, 7, 15, 16, 3, 13, 14, 3, 17, 4, 10, 5, 4, 18, 19, 20, 21, 5, 13, 22, 6, 21, 12, 6, 23, 8, 9, 24, 7, 19, 8, 7, 25, 26, 25, 27, 8, 28, 24, 9, 27, 29, 30, 29, 31, 10, 11, 26, 32, 14, 32, 33, 11, 31, 26, 11, 34, 12, 23, 35, 12, 36, 22, 13, 35, 37, 17, 38, 14, 39, 16, 15, 38, 40, 21, 41, 19, 15, 38, 17, 16, 33, 42, 37, 43, 16, 44, 31, 18, 17, 18, 45, 44, 30, 45, 18, 29, 20, 20, 19, 46, 47, 46, 48, 20, 27, 41, 21, 48, 49, 35, 23, 22, 50, 51, 49, 52, 22, 53, 54, 28, 23, 27, 25, 24, 55, 56, 47, 57, 24, 58, 59, 60, 25, 34, 61, 26, 60, 28, 43, 53, 58, 43, 28, 42, 48, 29, 30, 45, 56, 31, 44, 30, 62, 33, 32, 61, 63, 62, 64, 39, 32, 61, 34, 33, 43, 59, 58, 36, 34, 65, 57, 66, 35, 36, 67, 59, 53, 67, 36, 55, 57, 37, 42, 54, 51, 54, 53, 37, 66, 63, 52, 68, 38, 39, 69, 62, 44, 69, 39, 50, 52, 40, 68, 49, 42, 49, 51, 40, 68, 68, 40, 63, 41, 48, 46, 41, 61, 47, 56, 70, 45, 55, 60, 67, 46, 70, 66, 47, 67, 50, 71, 69, 65, 71, 50, 64, 54, 52, 63, 51, 64, 60, 55, 58, 59, 57, 65, 56, 70, 64, 62, 71, 69, 66, 70, 65, 71]
 
(72, 112) = [0, 1, 2, 3, 2, 4, 0, 2, 1, 0, 5, 1, 6, 3, 3, 0, 5, 7, 1, 8, 4, 2, 7, 9, 3, 6, 6, 6, 7, 5, 4, 10, 11, 9, 12, 4, 13, 14, 8, 5, 15, 16, 17, 7, 8, 18, 13, 13, 18, 8, 19, 16, 9, 11, 20, 11, 20, 21, 9, 17, 10, 22, 23, 15, 23, 24, 10, 12, 22, 10, 25, 14, 12, 26, 11, 27, 26, 12, 21, 28, 14, 13, 29, 30, 29, 19, 14, 31, 17, 32, 15, 33, 16, 15, 34, 35, 34, 36, 16, 37, 32, 17, 36, 38, 19, 29, 18, 39, 35, 30, 40, 18, 41, 42, 37, 19, 21, 20, 26, 43, 33, 44, 27, 20, 45, 38, 46, 21, 25, 47, 22, 48, 30, 35, 49, 22, 24, 23, 47, 50, 27, 51, 33, 23, 47, 25, 24, 47, 52, 28, 50, 24, 53, 48, 31, 25, 54, 55, 44, 26, 51, 27, 55, 55, 28, 52, 56, 54, 56, 57, 28, 46, 58, 59, 59, 29, 49, 39, 30, 59, 31, 60, 53, 58, 60, 31, 61, 42, 36, 34, 32, 36, 62, 63, 38, 32, 44, 33, 54, 63, 64, 37, 65, 34, 40, 66, 35, 65, 37, 64, 41, 64, 38, 45, 62, 62, 39, 49, 66, 41, 66, 40, 39, 40, 42, 41, 67, 61, 67, 65, 42, 67, 43, 68, 68, 45, 68, 43, 43, 44, 46, 69, 45, 69, 69, 46, 63, 56, 48, 53, 70, 53, 70, 61, 48, 49, 50, 71, 52, 52, 71, 50, 57, 51, 55, 54, 51, 71, 57, 56, 71, 57, 59, 58, 58, 70, 61, 70, 60, 60, 63, 62, 69, 68, 65, 67, 64, 66]
 
(72, 147) = [0, 1, 2, 3, 2, 4, 0, 5, 1, 0, 6, 7, 8, 9, 10, 0, 6, 11, 1, 12, 13, 14, 9, 1, 4, 2, 11, 15, 16, 17, 18, 2, 3, 19, 20, 8, 20, 5, 3, 18, 19, 3, 21, 14, 11, 6, 4, 22, 23, 18, 24, 4, 5, 20, 25, 16, 25, 21, 5, 10, 26, 27, 28, 6, 7, 29, 30, 13, 30, 31, 7, 28, 29, 7, 12, 9, 10, 32, 8, 33, 9, 8, 13, 34, 32, 10, 14, 35, 36, 37, 38, 11, 12, 39, 29, 26, 39, 12, 31, 37, 14, 13, 32, 40, 15, 41, 42, 23, 42, 43, 15, 38, 41, 15, 44, 17, 18, 23, 16, 45, 17, 16, 46, 47, 46, 24, 17, 48, 21, 25, 19, 49, 40, 34, 50, 19, 45, 47, 33, 20, 51, 35, 35, 21, 22, 52, 53, 36, 53, 54, 22, 24, 52, 22, 55, 27, 24, 46, 23, 56, 33, 57, 45, 25, 28, 58, 26, 59, 27, 26, 60, 61, 60, 62, 27, 63, 58, 28, 62, 64, 34, 40, 59, 29, 31, 30, 39, 60, 59, 65, 34, 30, 63, 64, 57, 31, 66, 55, 54, 32, 57, 33, 63, 55, 35, 51, 51, 66, 38, 67, 36, 68, 37, 36, 69, 70, 69, 49, 37, 57, 67, 38, 49, 50, 70, 61, 61, 39, 50, 48, 40, 54, 44, 71, 41, 62, 47, 45, 64, 41, 43, 42, 71, 46, 68, 56, 56, 42, 71, 44, 43, 58, 48, 50, 65, 43, 65, 59, 48, 44, 64, 63, 47, 71, 49, 69, 67, 51, 55, 66, 52, 69, 61, 70, 70, 52, 54, 53, 66, 67, 56, 68, 68, 53, 62, 60, 58, 65]
 
(72, 176) = [0, 1, 2, 3, 2, 4, 0, 5, 1, 0, 6, 7, 8, 9, 10, 0, 6, 11, 1, 12, 13, 14, 15, 1, 4, 2, 11, 16, 17, 18, 19, 2, 3, 20, 21, 8, 21, 22, 3, 19, 20, 3, 23, 14, 11, 6, 4, 24, 25, 15, 26, 4, 5, 27, 28, 17, 28, 29, 5, 10, 27, 5, 12, 15, 30, 31, 32, 6, 7, 33, 34, 13, 34, 35, 7, 32, 33, 7, 36, 9, 10, 37, 8, 38, 9, 8, 39, 40, 39, 41, 9, 42, 37, 10, 41, 43, 44, 45, 46, 11, 12, 47, 27, 30, 47, 12, 29, 45, 15, 25, 13, 48, 14, 13, 49, 50, 49, 26, 14, 51, 16, 52, 53, 25, 53, 54, 16, 46, 52, 16, 55, 18, 19, 46, 17, 56, 18, 17, 45, 57, 45, 44, 18, 58, 46, 19, 44, 59, 23, 60, 20, 37, 50, 40, 61, 20, 22, 21, 60, 39, 56, 61, 38, 21, 60, 23, 22, 62, 42, 59, 63, 22, 43, 64, 51, 23, 24, 36, 35, 44, 35, 34, 24, 26, 36, 24, 33, 31, 26, 49, 25, 65, 48, 57, 66, 27, 29, 28, 47, 67, 38, 68, 56, 28, 64, 43, 57, 29, 32, 69, 30, 66, 31, 30, 62, 63, 62, 67, 31, 68, 69, 32, 67, 70, 40, 50, 68, 33, 66, 51, 48, 34, 65, 70, 59, 35, 63, 58, 42, 36, 41, 39, 37, 61, 68, 38, 40, 60, 54, 53, 71, 41, 59, 42, 65, 53, 51, 66, 43, 71, 58, 63, 70, 47, 57, 48, 64, 52, 71, 55, 54, 49, 61, 56, 50, 54, 55, 71, 52, 69, 70, 65, 58, 55, 67, 62, 69, 64]
 
(72, 180) = [0, 1, 2, 3, 2, 4, 0, 5, 1, 0, 6, 7, 8, 9, 10, 0, 6, 11, 1, 12, 13, 14, 15, 1, 4, 2, 11, 16, 17, 18, 19, 2, 3, 20, 21, 8, 21, 22, 3, 19, 20, 3, 23, 14, 11, 6, 4, 24, 25, 26, 27, 4, 5, 28, 29, 17, 29, 27, 5, 10, 28, 5, 26, 26, 30, 31, 32, 6, 7, 33, 34, 13, 34, 35, 7, 32, 33, 7, 36, 9, 10, 37, 8, 38, 9, 8, 39, 39, 39, 40, 9, 33, 37, 10, 40, 41, 42, 43, 44, 11, 12, 45, 46, 30, 46, 15, 12, 15, 45, 12, 14, 43, 15, 46, 13, 47, 14, 13, 45, 40, 16, 48, 49, 25, 49, 50, 16, 44, 48, 16, 51, 18, 19, 52, 17, 22, 18, 17, 53, 51, 53, 54, 18, 53, 52, 19, 54, 52, 23, 38, 20, 55, 40, 39, 37, 20, 22, 21, 38, 21, 38, 23, 22, 29, 56, 57, 43, 23, 24, 58, 59, 42, 59, 41, 24, 27, 58, 24, 60, 31, 27, 29, 25, 57, 26, 25, 28, 61, 61, 51, 50, 28, 32, 62, 30, 62, 31, 30, 63, 60, 63, 47, 31, 63, 62, 32, 47, 34, 36, 64, 33, 36, 35, 34, 64, 35, 64, 36, 35, 65, 66, 55, 55, 37, 41, 59, 67, 66, 67, 60, 41, 45, 44, 68, 42, 68, 43, 42, 56, 67, 68, 44, 57, 49, 47, 63, 62, 46, 51, 61, 48, 48, 50, 49, 61, 50, 54, 53, 52, 69, 70, 69, 69, 54, 55, 66, 66, 56, 57, 56, 68, 59, 60, 67, 58, 58, 71, 65, 65, 64, 65, 71, 71, 71, 69, 70, 70, 70]
 
(72, 191) = [0, 1, 2, 3, 2, 4, 0, 5, 1, 0, 6, 7, 8, 9, 10, 0, 6, 11, 1, 12, 13, 14, 15, 1, 4, 2, 11, 16, 17, 18, 19, 2, 3, 20, 21, 8, 21, 22, 3, 19, 20, 3, 23, 14, 11, 6, 4, 24, 25, 26, 27, 4, 5, 28, 29, 17, 29, 30, 5, 10, 28, 5, 31, 26, 32, 33, 34, 6, 7, 35, 36, 13, 36, 37, 7, 34, 35, 7, 38, 9, 10, 27, 8, 39, 9, 8, 26, 40, 26, 25, 9, 41, 27, 10, 25, 42, 43, 44, 45, 11, 12, 23, 22, 32, 22, 21, 12, 15, 23, 12, 20, 44, 15, 34, 13, 46, 14, 13, 33, 47, 33, 32, 14, 48, 34, 15, 32, 49, 16, 31, 30, 25, 30, 29, 16, 45, 31, 16, 28, 18, 19, 50, 17, 51, 18, 17, 52, 53, 52, 54, 18, 55, 50, 19, 54, 56, 47, 40, 57, 20, 51, 49, 39, 21, 46, 56, 49, 22, 58, 48, 48, 23, 24, 59, 60, 43, 60, 61, 24, 27, 59, 24, 62, 33, 41, 53, 55, 28, 39, 63, 51, 29, 64, 42, 42, 30, 53, 41, 40, 31, 38, 65, 35, 52, 40, 47, 53, 35, 37, 36, 65, 50, 49, 51, 46, 36, 65, 38, 37, 66, 56, 46, 63, 37, 55, 57, 41, 38, 63, 39, 56, 61, 42, 64, 64, 60, 45, 67, 43, 64, 44, 43, 68, 58, 68, 66, 44, 57, 67, 45, 66, 63, 57, 55, 47, 62, 48, 58, 58, 59, 54, 52, 50, 69, 70, 62, 61, 54, 62, 70, 59, 68, 61, 60, 70, 67, 71, 69, 69, 65, 66, 68, 67, 71, 69, 71, 71, 70]
 
(80, 148) = [0, 1, 2, 3, 2, 4, 0, 5, 1, 0, 6, 7, 8, 9, 10, 0, 6, 11, 1, 12, 13, 14, 15, 1, 4, 2, 11, 16, 17, 18, 19, 2, 3, 20, 21, 8, 21, 10, 3, 19, 20, 3, 9, 14, 11, 6, 4, 22, 23, 15, 24, 4, 5, 25, 26, 17, 26, 27, 5, 10, 25, 5, 12, 15, 28, 29, 30, 6, 7, 31, 32, 13, 32, 33, 7, 30, 31, 7, 34, 9, 10, 21, 8, 35, 9, 8, 20, 36, 37, 38, 39, 11, 12, 40, 25, 28, 40, 12, 27, 38, 15, 23, 13, 41, 14, 13, 42, 43, 42, 24, 14, 34, 16, 44, 45, 23, 45, 46, 16, 39, 44, 16, 47, 18, 19, 48, 17, 49, 18, 17, 50, 51, 50, 52, 18, 53, 48, 19, 52, 27, 43, 36, 54, 20, 49, 54, 35, 21, 22, 55, 56, 37, 56, 57, 22, 24, 55, 22, 58, 29, 24, 42, 23, 59, 41, 51, 60, 25, 27, 26, 40, 61, 35, 62, 49, 26, 30, 59, 28, 60, 29, 28, 63, 64, 63, 65, 29, 66, 59, 30, 65, 56, 34, 67, 31, 68, 36, 43, 62, 31, 33, 32, 67, 67, 60, 68, 41, 32, 67, 34, 33, 57, 57, 56, 69, 33, 62, 35, 36, 54, 39, 70, 37, 65, 38, 37, 53, 47, 53, 71, 38, 52, 70, 39, 71, 72, 47, 64, 44, 40, 51, 41, 61, 44, 68, 60, 73, 42, 54, 49, 43, 73, 46, 45, 64, 74, 65, 63, 59, 45, 64, 47, 46, 55, 75, 72, 76, 46, 52, 50, 48, 50, 61, 73, 51, 48, 71, 53, 70, 71, 58, 69, 55, 76, 69, 58, 57, 69, 77, 76, 66, 58, 73, 61, 68, 62, 78, 74, 74, 63, 66, 79, 77, 78, 79, 66, 72, 70, 72, 75, 79, 79, 74, 78, 78, 75, 76, 77, 75, 77]
 
(80, 191) = [1, 2, 2, 2, 0, 3, 3, 4, 3, 0, 0, 0, 2, 1, 1, 5, 5, 6, 7, 1, 4, 8, 9, 3, 9, 10, 4, 9, 8, 4, 11, 8, 7, 12, 5, 7, 6, 5, 13, 6, 13, 14, 6, 15, 12, 7, 14, 16, 11, 17, 8, 18, 10, 9, 17, 19, 17, 11, 10, 20, 21, 19, 22, 10, 23, 24, 18, 11, 14, 13, 12, 25, 26, 16, 27, 12, 28, 29, 15, 13, 30, 31, 32, 14, 15, 33, 28, 28, 33, 15, 34, 31, 16, 26, 35, 26, 35, 36, 16, 32, 37, 38, 39, 17, 18, 40, 23, 23, 40, 18, 41, 38, 19, 21, 42, 21, 42, 43, 19, 39, 20, 44, 45, 37, 45, 46, 20, 22, 44, 20, 47, 24, 22, 48, 21, 46, 48, 22, 43, 48, 24, 23, 49, 50, 49, 41, 24, 51, 25, 52, 53, 30, 53, 54, 25, 27, 52, 25, 55, 29, 27, 56, 26, 54, 56, 27, 36, 56, 29, 28, 57, 58, 57, 34, 29, 59, 32, 60, 30, 61, 31, 30, 62, 62, 62, 58, 31, 33, 60, 32, 58, 63, 34, 57, 33, 34, 36, 35, 56, 64, 61, 55, 54, 35, 65, 63, 64, 36, 39, 66, 37, 67, 38, 37, 68, 68, 68, 50, 38, 40, 66, 39, 50, 69, 41, 49, 40, 41, 43, 42, 48, 70, 67, 47, 46, 42, 71, 69, 70, 43, 47, 67, 44, 72, 50, 68, 66, 44, 46, 45, 67, 45, 73, 70, 51, 47, 74, 51, 69, 49, 51, 74, 73, 74, 55, 61, 52, 75, 58, 62, 60, 52, 54, 53, 61, 53, 76, 64, 59, 55, 77, 59, 63, 57, 59, 77, 76, 77, 78, 75, 75, 60, 63, 65, 77, 78, 64, 76, 65, 65, 79, 72, 72, 66, 69, 71, 74, 79, 70, 73, 71, 71, 72, 79, 79, 73, 75, 78, 78, 76]
 
(96, 248) = [0, 1, 2, 3, 2, 4, 0, 1, 1, 0, 5, 6, 7, 8, 9, 0, 5, 10, 1, 9, 4, 2, 10, 11, 6, 12, 13, 2, 3, 14, 15, 7, 15, 16, 3, 13, 14, 3, 17, 4, 10, 5, 4, 18, 19, 20, 21, 5, 13, 22, 6, 21, 12, 6, 23, 8, 9, 24, 7, 19, 8, 7, 25, 26, 25, 27, 8, 16, 24, 9, 27, 28, 29, 28, 30, 10, 11, 26, 31, 14, 31, 32, 11, 30, 26, 11, 33, 12, 23, 34, 12, 35, 22, 13, 34, 27, 17, 36, 14, 37, 16, 15, 36, 38, 21, 39, 19, 15, 36, 17, 16, 23, 40, 41, 18, 17, 18, 42, 40, 29, 42, 18, 43, 20, 20, 19, 44, 45, 44, 46, 20, 47, 39, 21, 46, 48, 34, 23, 22, 41, 49, 48, 50, 22, 27, 25, 24, 49, 51, 45, 52, 24, 38, 53, 54, 25, 33, 55, 26, 54, 28, 29, 56, 51, 56, 57, 28, 34, 30, 58, 29, 59, 58, 30, 57, 60, 32, 31, 55, 61, 59, 62, 37, 31, 55, 33, 32, 63, 64, 60, 65, 32, 66, 67, 35, 33, 35, 68, 66, 36, 68, 35, 69, 57, 37, 70, 59, 40, 70, 37, 71, 68, 54, 72, 38, 66, 53, 38, 61, 39, 46, 44, 39, 55, 41, 40, 73, 56, 73, 43, 41, 50, 43, 73, 42, 74, 45, 51, 75, 42, 76, 77, 47, 43, 72, 54, 78, 44, 75, 79, 45, 78, 63, 80, 81, 46, 47, 82, 76, 72, 82, 47, 83, 80, 48, 49, 84, 53, 84, 85, 48, 81, 50, 86, 49, 52, 86, 50, 85, 77, 52, 87, 51, 73, 87, 52, 79, 88, 61, 78, 53, 64, 57, 56, 58, 70, 79, 75, 87, 58, 62, 59, 74, 75, 60, 64, 89, 79, 89, 90, 60, 69, 78, 61, 72, 62, 74, 71, 62, 76, 81, 91, 63, 65, 80, 63, 92, 67, 65, 93, 64, 84, 93, 65, 90, 94, 67, 66, 94, 82, 94, 69, 67, 95, 69, 94, 68, 91, 71, 74, 70, 87, 88, 92, 91, 71, 77, 76, 95, 92, 95, 83, 77, 93, 92, 88, 80, 86, 91, 81, 88, 89, 83, 95, 82, 90, 85, 84, 86, 83, 90, 89, 93, 85]
 
(96, 253) = [0, 1, 2, 3, 2, 4, 0, 1, 1, 0, 5, 6, 7, 8, 9, 0, 5, 10, 1, 9, 4, 2, 10, 11, 6, 12, 13, 2, 3, 14, 15, 7, 15, 16, 3, 13, 14, 3, 17, 4, 10, 5, 4, 18, 19, 20, 21, 5, 13, 22, 6, 21, 12, 6, 23, 8, 9, 24, 7, 19, 8, 7, 25, 26, 25, 27, 8, 28, 24, 9, 27, 29, 30, 29, 31, 10, 11, 26, 20, 14, 20, 19, 11, 31, 26, 11, 32, 12, 23, 33, 12, 34, 22, 13, 33, 35, 17, 36, 14, 37, 16, 15, 36, 38, 21, 32, 19, 15, 36, 17, 16, 39, 40, 35, 41, 16, 42, 43, 18, 17, 18, 44, 42, 30, 44, 18, 37, 20, 32, 21, 26, 45, 33, 23, 22, 46, 47, 45, 48, 22, 49, 50, 28, 23, 27, 25, 24, 51, 52, 31, 53, 24, 54, 55, 45, 25, 56, 57, 58, 27, 28, 41, 49, 54, 41, 28, 40, 57, 29, 30, 59, 52, 59, 53, 29, 58, 31, 52, 30, 44, 60, 38, 34, 32, 61, 62, 63, 33, 34, 64, 60, 49, 64, 34, 65, 62, 35, 40, 50, 47, 50, 49, 35, 63, 66, 67, 68, 36, 37, 69, 44, 42, 69, 37, 43, 67, 38, 60, 70, 40, 70, 65, 38, 68, 39, 71, 72, 66, 72, 73, 39, 41, 71, 39, 74, 43, 43, 42, 69, 75, 45, 47, 54, 60, 46, 76, 77, 61, 77, 78, 46, 48, 76, 46, 79, 50, 48, 80, 47, 79, 80, 48, 55, 81, 51, 82, 83, 56, 83, 84, 51, 53, 82, 51, 85, 55, 53, 59, 52, 86, 55, 54, 80, 73, 58, 81, 56, 78, 57, 56, 87, 72, 87, 88, 57, 70, 81, 58, 88, 84, 78, 77, 86, 59, 63, 89, 61, 76, 62, 61, 75, 89, 75, 90, 62, 71, 89, 63, 90, 64, 65, 70, 64, 91, 74, 92, 71, 65, 68, 93, 66, 87, 67, 66, 91, 90, 91, 94, 67, 74, 93, 68, 94, 92, 90, 75, 89, 69, 73, 72, 92, 82, 92, 74, 73, 95, 79, 86, 76, 77, 86, 79, 78, 83, 84, 83, 95, 80, 88, 87, 81, 85, 85, 95, 82, 94, 95, 85, 84, 93, 94, 91, 93, 88]
 
(96, 277) = [0, 1, 2, 3, 2, 4, 0, 1, 1, 0, 5, 6, 7, 8, 9, 0, 5, 10, 1, 9, 4, 2, 10, 11, 6, 12, 13, 2, 3, 14, 15, 7, 15, 16, 3, 13, 14, 3, 17, 4, 10, 5, 4, 18, 19, 20, 21, 5, 13, 22, 6, 21, 12, 6, 23, 8, 9, 24, 7, 19, 8, 7, 25, 26, 25, 27, 8, 28, 24, 9, 27, 29, 30, 29, 31, 10, 11, 26, 32, 14, 32, 33, 11, 31, 26, 11, 34, 12, 23, 35, 12, 36, 22, 13, 35, 37, 17, 38, 14, 39, 16, 15, 38, 40, 21, 41, 19, 15, 38, 17, 16, 42, 43, 37, 41, 16, 44, 45, 18, 17, 18, 46, 44, 30, 46, 18, 47, 20, 20, 19, 37, 48, 37, 43, 20, 49, 41, 21, 43, 50, 35, 23, 22, 51, 49, 50, 52, 22, 33, 32, 28, 23, 27, 25, 24, 53, 54, 48, 55, 24, 56, 57, 58, 25, 34, 28, 26, 58, 59, 58, 60, 27, 28, 34, 33, 56, 29, 30, 61, 54, 61, 62, 29, 60, 31, 63, 30, 64, 63, 31, 62, 65, 64, 51, 39, 32, 36, 65, 66, 33, 66, 67, 36, 34, 68, 69, 48, 35, 65, 36, 70, 69, 71, 72, 73, 38, 39, 74, 64, 44, 74, 39, 75, 72, 40, 76, 77, 43, 77, 78, 40, 73, 76, 40, 42, 41, 42, 79, 76, 71, 79, 42, 78, 45, 45, 44, 80, 81, 80, 47, 45, 82, 47, 80, 46, 83, 48, 54, 68, 46, 52, 84, 49, 47, 50, 49, 85, 76, 85, 86, 50, 77, 51, 64, 83, 68, 83, 75, 51, 52, 84, 52, 86, 87, 53, 88, 72, 59, 72, 71, 53, 55, 88, 53, 89, 57, 55, 81, 54, 74, 81, 55, 69, 79, 58, 59, 56, 66, 57, 56, 87, 67, 87, 60, 57, 90, 60, 87, 59, 75, 62, 61, 63, 80, 75, 83, 74, 61, 82, 90, 91, 62, 69, 68, 81, 63, 70, 92, 65, 91, 67, 66, 92, 88, 92, 70, 67, 86, 78, 77, 79, 70, 73, 89, 71, 85, 89, 73, 88, 93, 91, 93, 82, 78, 90, 82, 94, 84, 86, 85, 84, 95, 94, 95, 90, 89, 93, 91, 95, 94, 95, 94, 93, 92]
 
(96, 283) = [0, 1, 2, 3, 2, 4, 0, 1, 1, 0, 5, 6, 7, 8, 9, 0, 5, 10, 1, 9, 4, 2, 10, 11, 6, 12, 13, 2, 3, 14, 15, 7, 15, 16, 3, 13, 14, 3, 17, 4, 10, 5, 4, 18, 19, 20, 21, 5, 13, 22, 6, 21, 12, 6, 23, 8, 9, 24, 7, 19, 8, 7, 25, 26, 25, 27, 8, 28, 24, 9, 27, 29, 30, 29, 31, 10, 11, 26, 32, 14, 32, 33, 11, 31, 26, 11, 34, 12, 23, 35, 12, 36, 22, 13, 35, 37, 17, 38, 14, 39, 16, 15, 38, 40, 21, 41, 19, 15, 38, 17, 16, 42, 43, 37, 44, 16, 45, 46, 18, 17, 18, 47, 45, 30, 47, 18, 48, 20, 20, 19, 49, 50, 49, 51, 20, 52, 41, 21, 51, 53, 35, 23, 22, 54, 55, 53, 56, 22, 57, 56, 28, 23, 27, 25, 24, 49, 58, 50, 50, 24, 59, 60, 61, 25, 34, 62, 26, 61, 52, 63, 64, 27, 28, 65, 57, 59, 65, 28, 53, 63, 29, 30, 66, 58, 66, 67, 29, 64, 31, 68, 30, 69, 68, 31, 67, 70, 33, 32, 62, 38, 69, 39, 39, 32, 62, 34, 33, 71, 42, 70, 72, 33, 73, 44, 36, 34, 74, 75, 75, 35, 36, 76, 73, 57, 76, 36, 37, 75, 37, 43, 76, 55, 39, 69, 69, 45, 40, 77, 78, 43, 78, 79, 40, 62, 77, 40, 80, 41, 51, 49, 41, 60, 72, 71, 42, 44, 70, 42, 81, 46, 44, 73, 43, 82, 46, 45, 83, 68, 83, 48, 46, 84, 48, 83, 47, 66, 50, 58, 58, 47, 64, 85, 52, 48, 86, 87, 63, 51, 63, 52, 86, 87, 53, 55, 65, 77, 54, 88, 88, 74, 88, 54, 54, 56, 56, 57, 55, 89, 61, 90, 59, 73, 60, 59, 91, 86, 91, 92, 60, 80, 90, 61, 92, 79, 85, 64, 87, 91, 87, 86, 85, 65, 67, 66, 68, 93, 92, 91, 90, 67, 81, 82, 70, 90, 71, 72, 82, 78, 82, 81, 71, 72, 75, 74, 74, 94, 94, 89, 89, 76, 80, 84, 77, 85, 79, 78, 84, 81, 84, 80, 79, 95, 95, 93, 93, 83, 89, 94, 94, 88, 93, 95, 95, 92]
 
(96, 284) = [0, 1, 2, 3, 2, 4, 0, 1, 1, 0, 5, 6, 7, 8, 9, 0, 5, 10, 1, 9, 4, 2, 10, 11, 6, 12, 13, 2, 3, 14, 15, 7, 15, 16, 3, 13, 14, 3, 17, 4, 10, 5, 4, 18, 19, 20, 21, 5, 13, 22, 6, 21, 12, 6, 23, 8, 9, 24, 7, 19, 8, 7, 25, 26, 25, 27, 8, 28, 24, 9, 27, 29, 30, 29, 31, 10, 11, 26, 32, 14, 32, 33, 11, 31, 26, 11, 34, 12, 23, 35, 12, 36, 22, 13, 35, 37, 17, 38, 14, 39, 16, 15, 38, 40, 21, 41, 19, 15, 38, 17, 16, 42, 43, 37, 44, 16, 45, 46, 18, 17, 18, 47, 45, 30, 47, 18, 48, 20, 20, 19, 49, 50, 49, 51, 20, 52, 41, 21, 51, 53, 35, 23, 22, 54, 55, 53, 56, 22, 57, 56, 28, 23, 27, 25, 24, 58, 59, 50, 60, 24, 61, 62, 63, 25, 34, 64, 26, 63, 65, 66, 67, 27, 28, 68, 57, 61, 68, 28, 53, 66, 29, 30, 69, 59, 69, 70, 29, 67, 31, 71, 30, 72, 71, 31, 70, 73, 33, 32, 64, 74, 72, 60, 39, 32, 64, 34, 33, 75, 76, 73, 77, 33, 78, 44, 36, 34, 79, 80, 80, 35, 36, 81, 78, 57, 81, 36, 37, 80, 37, 43, 81, 55, 82, 83, 62, 38, 39, 84, 72, 45, 84, 39, 50, 83, 40, 85, 86, 43, 86, 58, 40, 62, 85, 40, 74, 41, 51, 49, 41, 64, 42, 67, 87, 82, 87, 75, 42, 44, 67, 42, 65, 46, 44, 78, 43, 88, 46, 45, 89, 69, 89, 48, 46, 90, 48, 89, 47, 71, 50, 59, 84, 47, 73, 76, 52, 48, 91, 63, 83, 49, 75, 87, 66, 51, 52, 88, 73, 91, 88, 52, 92, 87, 53, 55, 68, 85, 54, 93, 93, 79, 93, 54, 54, 56, 56, 57, 55, 94, 58, 86, 90, 65, 90, 74, 58, 60, 60, 72, 59, 89, 63, 91, 61, 78, 62, 61, 82, 92, 66, 65, 75, 77, 77, 92, 76, 68, 70, 69, 71, 84, 83, 82, 91, 70, 74, 90, 85, 76, 92, 77, 88, 86, 80, 79, 79, 95, 95, 94, 94, 81, 94, 95, 95, 93]
 
(96, 286) = [0, 1, 2, 3, 2, 4, 0, 1, 1, 0, 5, 6, 7, 8, 9, 0, 5, 10, 1, 9, 4, 2, 10, 11, 6, 12, 13, 2, 3, 14, 15, 7, 15, 16, 3, 13, 14, 3, 17, 4, 10, 5, 4, 18, 19, 20, 21, 5, 13, 22, 6, 21, 12, 6, 23, 8, 9, 24, 7, 19, 8, 7, 25, 26, 25, 27, 8, 28, 24, 9, 27, 29, 30, 29, 31, 10, 11, 26, 32, 14, 32, 33, 11, 31, 26, 11, 34, 12, 23, 35, 12, 36, 22, 13, 35, 37, 17, 38, 14, 39, 16, 15, 38, 40, 21, 41, 19, 15, 38, 17, 16, 42, 43, 37, 44, 16, 45, 46, 18, 17, 18, 47, 45, 30, 47, 18, 48, 20, 20, 19, 49, 50, 49, 51, 20, 52, 41, 21, 51, 53, 35, 23, 22, 54, 55, 53, 56, 22, 57, 58, 28, 23, 27, 25, 24, 49, 59, 50, 50, 24, 60, 61, 62, 25, 34, 63, 26, 62, 52, 64, 65, 27, 28, 44, 57, 60, 44, 28, 43, 64, 29, 30, 66, 59, 66, 67, 29, 65, 31, 68, 30, 69, 68, 31, 67, 70, 33, 32, 63, 38, 69, 39, 39, 32, 63, 34, 33, 71, 42, 70, 72, 33, 73, 74, 36, 34, 75, 76, 77, 35, 36, 56, 73, 57, 56, 36, 55, 76, 37, 43, 58, 55, 58, 57, 37, 77, 39, 69, 69, 45, 40, 78, 79, 43, 79, 80, 40, 63, 78, 40, 81, 41, 51, 49, 41, 61, 72, 82, 42, 44, 70, 42, 83, 46, 46, 45, 84, 68, 84, 48, 46, 85, 48, 84, 47, 66, 50, 59, 59, 47, 65, 86, 52, 48, 82, 72, 87, 51, 64, 52, 71, 72, 53, 55, 74, 78, 74, 73, 53, 87, 54, 88, 89, 75, 89, 77, 54, 56, 88, 54, 76, 58, 62, 90, 60, 73, 61, 60, 91, 82, 91, 92, 61, 81, 90, 62, 92, 80, 71, 93, 64, 79, 86, 65, 93, 91, 67, 66, 68, 94, 92, 91, 90, 67, 83, 87, 70, 90, 93, 71, 86, 74, 77, 89, 75, 88, 76, 75, 88, 89, 81, 85, 78, 86, 80, 79, 85, 83, 85, 81, 80, 95, 87, 83, 82, 93, 95, 94, 94, 84, 94, 95, 95, 92]
 
(96, 291) = [0, 1, 2, 3, 2, 4, 0, 1, 1, 0, 5, 6, 7, 8, 9, 0, 5, 10, 1, 9, 4, 2, 10, 11, 6, 12, 13, 2, 3, 14, 15, 7, 15, 16, 3, 13, 14, 3, 17, 4, 10, 5, 4, 18, 19, 20, 21, 5, 13, 22, 6, 21, 12, 6, 23, 8, 9, 24, 7, 19, 8, 7, 25, 26, 25, 27, 8, 28, 24, 9, 27, 29, 30, 29, 31, 10, 11, 26, 32, 14, 32, 33, 11, 31, 26, 11, 34, 12, 23, 35, 12, 36, 22, 13, 35, 37, 17, 38, 14, 39, 16, 15, 38, 40, 21, 41, 19, 15, 38, 17, 16, 42, 43, 37, 44, 16, 45, 46, 18, 17, 18, 47, 45, 30, 47, 18, 48, 20, 20, 19, 49, 50, 49, 51, 20, 52, 41, 21, 51, 53, 35, 23, 22, 54, 55, 53, 56, 22, 57, 58, 28, 23, 27, 25, 24, 59, 60, 50, 61, 24, 62, 63, 64, 25, 34, 65, 26, 64, 66, 67, 68, 27, 28, 44, 57, 62, 44, 28, 43, 67, 29, 30, 69, 60, 69, 70, 29, 68, 31, 71, 30, 72, 71, 31, 70, 73, 33, 32, 65, 74, 72, 61, 39, 32, 65, 34, 33, 75, 76, 73, 77, 33, 78, 79, 36, 34, 80, 81, 82, 35, 36, 56, 78, 57, 56, 36, 55, 81, 37, 43, 58, 55, 58, 57, 37, 82, 83, 84, 63, 38, 39, 85, 72, 45, 85, 39, 50, 84, 40, 86, 87, 43, 87, 59, 40, 63, 86, 40, 74, 41, 51, 49, 41, 65, 42, 68, 88, 83, 88, 89, 42, 44, 68, 42, 66, 46, 46, 45, 90, 69, 90, 48, 46, 91, 48, 90, 47, 71, 50, 60, 85, 47, 73, 76, 52, 48, 92, 64, 84, 49, 75, 77, 93, 51, 52, 93, 73, 92, 93, 52, 75, 77, 53, 55, 79, 86, 79, 78, 53, 93, 54, 94, 95, 80, 95, 82, 54, 56, 94, 54, 81, 58, 59, 87, 91, 66, 91, 74, 59, 61, 61, 72, 60, 90, 64, 92, 62, 78, 63, 62, 83, 89, 67, 66, 89, 88, 89, 88, 67, 87, 70, 69, 71, 85, 84, 83, 92, 70, 74, 91, 86, 76, 77, 75, 76, 79, 82, 95, 80, 94, 81, 80, 94, 95]
 
(96, 292) = [0, 1, 2, 3, 2, 4, 0, 1, 1, 0, 5, 6, 7, 8, 9, 0, 5, 10, 1, 9, 4, 2, 10, 11, 6, 12, 13, 2, 3, 14, 15, 7, 15, 16, 3, 13, 14, 3, 17, 4, 10, 5, 4, 18, 19, 20, 21, 5, 13, 22, 6, 21, 12, 6, 23, 8, 9, 24, 7, 19, 8, 7, 25, 26, 25, 27, 8, 28, 24, 9, 27, 29, 30, 29, 31, 10, 11, 26, 32, 14, 32, 33, 11, 31, 26, 11, 34, 12, 23, 35, 12, 36, 22, 13, 35, 37, 17, 38, 14, 39, 16, 15, 38, 40, 21, 41, 19, 15, 38, 17, 16, 42, 43, 37, 44, 16, 45, 46, 18, 17, 18, 47, 45, 30, 47, 18, 48, 20, 20, 19, 49, 50, 49, 51, 20, 52, 41, 21, 51, 53, 35, 23, 22, 54, 55, 53, 56, 22, 57, 58, 28, 23, 27, 25, 24, 59, 60, 50, 61, 24, 62, 63, 64, 25, 34, 65, 26, 64, 66, 67, 68, 27, 28, 69, 57, 62, 69, 28, 70, 67, 29, 30, 71, 60, 71, 72, 29, 68, 31, 73, 30, 74, 73, 31, 72, 75, 33, 32, 65, 76, 74, 77, 39, 32, 65, 34, 33, 69, 78, 75, 79, 33, 63, 62, 36, 34, 80, 61, 81, 35, 36, 82, 63, 57, 82, 36, 59, 61, 37, 43, 75, 55, 75, 78, 37, 81, 83, 56, 84, 38, 39, 85, 74, 45, 85, 39, 54, 56, 40, 84, 53, 43, 53, 55, 40, 84, 84, 40, 83, 41, 51, 49, 41, 86, 42, 68, 86, 83, 86, 87, 42, 44, 68, 42, 66, 46, 44, 79, 43, 51, 79, 44, 78, 88, 46, 45, 89, 71, 89, 48, 46, 82, 48, 89, 47, 90, 50, 60, 91, 47, 58, 57, 52, 48, 92, 93, 94, 49, 91, 81, 50, 94, 52, 70, 58, 92, 70, 52, 69, 79, 54, 90, 85, 80, 90, 54, 77, 58, 56, 83, 55, 72, 59, 64, 82, 66, 64, 59, 62, 63, 61, 80, 60, 89, 67, 66, 87, 65, 87, 86, 67, 93, 88, 95, 93, 70, 72, 71, 73, 85, 81, 91, 80, 73, 77, 74, 90, 91, 76, 94, 95, 78, 95, 88, 76, 87, 94, 76, 92, 77, 93, 92, 88, 95]
 
(96, 297) = [0, 1, 2, 3, 2, 4, 0, 2, 1, 0, 5, 1, 6, 3, 3, 0, 5, 7, 1, 8, 4, 2, 7, 9, 3, 6, 6, 6, 7, 5, 4, 10, 11, 9, 12, 4, 13, 14, 8, 5, 15, 16, 17, 7, 8, 18, 13, 13, 18, 8, 19, 16, 9, 11, 20, 11, 20, 21, 9, 17, 10, 22, 23, 15, 23, 24, 10, 12, 22, 10, 25, 14, 12, 26, 11, 27, 26, 12, 21, 28, 14, 13, 29, 30, 29, 19, 14, 31, 17, 32, 15, 33, 16, 15, 34, 35, 34, 36, 16, 37, 32, 17, 36, 38, 19, 29, 18, 39, 35, 30, 40, 18, 41, 42, 37, 19, 21, 20, 26, 43, 33, 44, 27, 20, 45, 38, 46, 21, 25, 47, 22, 48, 30, 35, 49, 22, 24, 23, 47, 50, 27, 51, 33, 23, 47, 25, 24, 52, 53, 28, 54, 24, 55, 56, 31, 25, 57, 58, 44, 26, 51, 27, 58, 58, 28, 53, 42, 57, 42, 41, 28, 46, 59, 60, 60, 29, 49, 39, 30, 60, 31, 61, 55, 59, 61, 31, 62, 42, 36, 34, 32, 63, 64, 62, 56, 32, 44, 33, 57, 62, 65, 66, 67, 34, 40, 68, 35, 67, 69, 70, 71, 36, 37, 54, 41, 65, 54, 37, 53, 70, 38, 45, 72, 64, 72, 48, 38, 71, 39, 49, 68, 41, 68, 40, 39, 40, 43, 73, 73, 45, 73, 43, 43, 44, 46, 74, 45, 61, 74, 46, 48, 49, 75, 71, 76, 47, 48, 72, 74, 55, 50, 77, 78, 53, 78, 79, 50, 76, 77, 50, 80, 51, 58, 57, 51, 77, 52, 81, 82, 75, 82, 83, 52, 54, 81, 52, 63, 56, 56, 55, 64, 84, 60, 59, 59, 74, 62, 64, 61, 73, 63, 85, 81, 69, 85, 63, 83, 66, 67, 86, 65, 68, 66, 65, 87, 83, 87, 88, 66, 87, 86, 67, 88, 86, 71, 75, 69, 89, 70, 69, 90, 82, 90, 76, 70, 78, 89, 84, 84, 72, 76, 90, 75, 90, 80, 91, 77, 80, 79, 78, 91, 79, 91, 80, 79, 92, 84, 89, 89, 81, 83, 82, 85, 85, 88, 87, 86, 93, 94, 93, 93, 88, 95, 92, 92, 91, 92, 95, 95, 95, 93, 94, 94, 94]
 
(96, 350) = [0, 1, 2, 3, 2, 4, 0, 5, 1, 0, 6, 7, 8, 9, 9, 0, 6, 10, 1, 11, 12, 13, 14, 1, 4, 2, 10, 15, 16, 17, 13, 2, 3, 18, 18, 8, 18, 3, 3, 13, 10, 6, 4, 19, 20, 21, 22, 4, 5, 23, 24, 16, 24, 7, 5, 9, 23, 5, 25, 21, 26, 27, 28, 6, 7, 24, 29, 12, 29, 25, 7, 28, 9, 8, 8, 30, 31, 32, 33, 10, 11, 34, 35, 26, 35, 36, 11, 14, 34, 11, 37, 32, 14, 38, 12, 39, 13, 12, 16, 40, 38, 14, 17, 41, 15, 42, 43, 20, 43, 44, 15, 33, 42, 15, 45, 17, 17, 16, 38, 46, 40, 30, 30, 18, 19, 47, 48, 31, 48, 49, 19, 22, 47, 19, 50, 27, 22, 51, 20, 52, 21, 20, 53, 54, 53, 55, 21, 56, 51, 22, 55, 57, 25, 29, 23, 58, 54, 46, 59, 23, 30, 40, 40, 24, 49, 48, 56, 25, 28, 52, 26, 60, 27, 26, 61, 62, 61, 63, 27, 64, 52, 28, 63, 48, 60, 65, 39, 29, 33, 66, 31, 63, 32, 31, 41, 45, 41, 67, 32, 68, 66, 33, 67, 69, 37, 70, 34, 71, 45, 62, 42, 34, 36, 35, 70, 72, 39, 73, 60, 35, 70, 37, 36, 74, 67, 41, 66, 36, 75, 76, 68, 37, 68, 77, 75, 38, 73, 39, 78, 77, 46, 54, 71, 42, 44, 43, 62, 79, 63, 61, 52, 43, 62, 45, 44, 47, 80, 69, 81, 44, 71, 82, 46, 75, 50, 56, 47, 81, 56, 50, 49, 78, 58, 57, 77, 49, 83, 84, 64, 50, 55, 53, 51, 85, 65, 60, 86, 51, 78, 86, 73, 53, 59, 72, 54, 73, 87, 81, 88, 55, 57, 58, 76, 65, 76, 75, 57, 88, 77, 68, 58, 59, 72, 59, 82, 67, 89, 79, 79, 61, 64, 90, 83, 89, 90, 64, 74, 66, 86, 78, 65, 84, 69, 80, 91, 90, 91, 88, 69, 82, 92, 93, 93, 70, 82, 71, 72, 93, 74, 94, 90, 92, 94, 74, 84, 76, 79, 89, 89, 80, 81, 87, 80, 83, 84, 83, 94, 95, 85, 95, 95, 87, 95, 85, 85, 86, 88, 91, 87, 94, 93, 92, 92, 91]
 
(96, 352) = [0, 1, 2, 3, 2, 4, 0, 5, 1, 0, 6, 7, 8, 9, 9, 0, 6, 10, 1, 11, 12, 13, 14, 1, 4, 2, 10, 15, 16, 17, 13, 2, 3, 18, 18, 8, 18, 3, 3, 13, 10, 6, 4, 19, 20, 21, 22, 4, 5, 23, 24, 16, 24, 7, 5, 9, 23, 5, 25, 21, 26, 27, 28, 6, 7, 24, 29, 12, 29, 25, 7, 28, 9, 8, 8, 30, 31, 32, 33, 10, 11, 34, 35, 26, 35, 36, 11, 14, 34, 11, 37, 32, 14, 38, 12, 39, 13, 12, 16, 40, 38, 14, 17, 41, 15, 42, 43, 20, 43, 44, 15, 33, 42, 15, 45, 17, 17, 16, 38, 46, 40, 30, 30, 18, 19, 47, 48, 31, 48, 49, 19, 22, 47, 19, 50, 27, 22, 51, 20, 52, 21, 20, 53, 54, 53, 55, 21, 56, 51, 22, 55, 57, 25, 29, 23, 58, 54, 46, 59, 23, 30, 40, 40, 24, 60, 61, 56, 25, 28, 62, 26, 63, 27, 26, 64, 65, 64, 66, 27, 67, 62, 28, 66, 61, 63, 68, 39, 29, 33, 69, 31, 70, 32, 31, 58, 59, 58, 71, 32, 60, 69, 33, 71, 72, 37, 73, 34, 53, 59, 65, 54, 34, 36, 35, 73, 51, 39, 52, 63, 35, 73, 37, 36, 74, 57, 41, 75, 36, 56, 75, 60, 37, 49, 48, 76, 38, 52, 39, 70, 48, 41, 57, 61, 49, 61, 60, 41, 45, 45, 77, 42, 62, 46, 54, 78, 42, 44, 43, 77, 79, 70, 80, 52, 43, 77, 45, 44, 71, 81, 72, 72, 44, 78, 82, 46, 76, 50, 76, 47, 83, 65, 59, 82, 47, 76, 50, 49, 66, 84, 67, 67, 50, 55, 53, 51, 85, 86, 87, 87, 55, 75, 56, 57, 87, 71, 58, 69, 68, 66, 64, 62, 78, 68, 63, 80, 77, 88, 89, 89, 64, 82, 78, 65, 89, 67, 84, 84, 88, 80, 70, 68, 90, 91, 90, 90, 69, 72, 81, 81, 91, 92, 85, 85, 73, 74, 93, 93, 92, 93, 74, 74, 75, 79, 94, 94, 81, 94, 79, 79, 80, 95, 83, 83, 82, 83, 95, 95, 84, 85, 92, 92, 86, 87, 86, 86, 93, 89, 88, 88, 95, 90, 91, 91, 94]
 
(96, 409) = [0, 1, 2, 3, 2, 4, 0, 5, 1, 0, 6, 7, 8, 9, 10, 0, 6, 11, 1, 12, 13, 14, 15, 1, 4, 2, 11, 16, 17, 18, 19, 2, 3, 20, 21, 8, 21, 10, 3, 19, 20, 3, 9, 14, 11, 6, 4, 22, 23, 24, 25, 4, 5, 26, 27, 17, 27, 28, 5, 10, 26, 5, 29, 24, 30, 31, 32, 6, 7, 33, 34, 13, 34, 35, 7, 32, 33, 7, 36, 9, 10, 21, 8, 37, 9, 8, 20, 38, 39, 40, 41, 11, 12, 42, 43, 30, 43, 44, 12, 15, 42, 12, 45, 40, 15, 32, 13, 46, 14, 13, 31, 47, 31, 30, 14, 36, 32, 15, 30, 48, 16, 29, 28, 23, 28, 27, 16, 41, 29, 16, 26, 18, 19, 49, 17, 50, 18, 17, 51, 52, 51, 53, 18, 54, 49, 19, 53, 28, 47, 38, 55, 20, 50, 56, 37, 21, 22, 57, 58, 39, 58, 59, 22, 25, 57, 22, 60, 31, 25, 61, 23, 53, 24, 23, 62, 63, 62, 64, 24, 65, 61, 25, 64, 66, 63, 52, 54, 26, 37, 67, 50, 27, 52, 63, 65, 29, 36, 68, 33, 57, 38, 47, 69, 33, 35, 34, 68, 70, 48, 71, 46, 34, 68, 36, 35, 42, 72, 46, 73, 35, 67, 37, 74, 56, 69, 75, 38, 55, 41, 76, 39, 49, 40, 39, 77, 68, 77, 66, 40, 59, 76, 41, 66, 67, 45, 78, 42, 73, 44, 43, 78, 79, 46, 72, 48, 43, 78, 45, 44, 80, 71, 48, 81, 44, 82, 60, 59, 45, 55, 80, 47, 60, 53, 51, 49, 58, 56, 50, 83, 76, 84, 85, 86, 51, 65, 87, 52, 86, 54, 88, 63, 84, 88, 54, 87, 61, 80, 55, 75, 89, 83, 74, 56, 90, 60, 82, 57, 69, 59, 58, 82, 85, 64, 62, 61, 91, 86, 92, 84, 62, 74, 83, 67, 64, 87, 65, 88, 83, 66, 77, 76, 88, 75, 69, 80, 81, 70, 79, 85, 72, 85, 84, 70, 77, 79, 70, 92, 71, 81, 73, 71, 93, 73, 81, 72, 82, 91, 94, 90, 74, 93, 89, 94, 75, 89, 93, 95, 78, 92, 86, 79, 95, 90, 95, 91, 87, 95, 90, 89, 94, 94, 91, 93, 92]
 
(96, 411) = [0, 1, 2, 3, 2, 4, 0, 5, 1, 0, 6, 7, 8, 9, 10, 0, 6, 11, 1, 12, 13, 14, 15, 1, 4, 2, 11, 16, 17, 18, 19, 2, 3, 20, 21, 8, 21, 10, 3, 19, 20, 3, 9, 14, 11, 6, 4, 22, 23, 24, 25, 4, 5, 26, 27, 17, 27, 28, 5, 10, 26, 5, 29, 24, 30, 31, 32, 6, 7, 33, 34, 13, 34, 35, 7, 32, 33, 7, 36, 9, 10, 21, 8, 37, 9, 8, 20, 38, 39, 40, 41, 11, 12, 42, 43, 30, 43, 44, 12, 15, 42, 12, 45, 40, 15, 46, 13, 47, 14, 13, 48, 49, 48, 50, 14, 36, 46, 15, 50, 51, 16, 32, 52, 23, 52, 53, 16, 41, 32, 16, 30, 18, 19, 54, 17, 55, 18, 17, 47, 34, 47, 56, 18, 43, 54, 19, 56, 28, 49, 38, 57, 20, 55, 58, 37, 21, 22, 59, 60, 39, 60, 61, 22, 25, 59, 22, 62, 31, 25, 63, 23, 64, 24, 23, 65, 35, 65, 66, 24, 54, 63, 25, 66, 67, 29, 68, 26, 50, 35, 34, 51, 26, 28, 27, 68, 65, 37, 69, 55, 27, 68, 29, 28, 46, 56, 47, 54, 29, 31, 30, 53, 70, 53, 52, 31, 71, 36, 51, 33, 44, 38, 49, 72, 33, 51, 36, 35, 68, 69, 37, 73, 58, 72, 74, 38, 57, 41, 75, 39, 76, 40, 39, 77, 78, 77, 79, 40, 80, 75, 41, 79, 81, 45, 82, 42, 83, 78, 70, 84, 42, 44, 43, 82, 48, 82, 45, 44, 72, 85, 86, 80, 45, 50, 48, 46, 56, 57, 87, 49, 82, 76, 88, 64, 52, 89, 81, 90, 53, 58, 55, 91, 66, 87, 57, 74, 92, 91, 73, 58, 93, 62, 83, 59, 87, 70, 78, 86, 59, 61, 60, 83, 84, 64, 94, 76, 60, 83, 62, 61, 85, 95, 67, 94, 61, 92, 90, 71, 62, 66, 65, 63, 69, 79, 77, 75, 63, 94, 64, 95, 77, 67, 95, 88, 79, 88, 76, 67, 91, 73, 91, 69, 75, 86, 85, 70, 90, 71, 93, 92, 89, 93, 71, 81, 88, 74, 72, 87, 86, 81, 89, 93, 73, 90, 92, 89, 74, 84, 80, 78, 95, 80, 84, 85, 94]
 
(96, 412) = [0, 1, 2, 3, 2, 4, 0, 5, 1, 0, 6, 7, 8, 9, 10, 0, 6, 11, 1, 12, 13, 14, 15, 1, 4, 2, 11, 16, 17, 18, 19, 2, 3, 20, 21, 8, 21, 10, 3, 19, 20, 3, 9, 14, 11, 6, 4, 22, 23, 24, 25, 4, 5, 26, 27, 17, 27, 28, 5, 10, 26, 5, 29, 24, 30, 31, 32, 6, 7, 33, 34, 13, 34, 35, 7, 32, 33, 7, 36, 9, 10, 21, 8, 37, 9, 8, 20, 38, 39, 40, 41, 11, 12, 42, 43, 30, 43, 44, 12, 15, 42, 12, 45, 40, 15, 46, 13, 47, 14, 13, 48, 49, 48, 50, 14, 36, 46, 15, 50, 51, 16, 52, 53, 23, 53, 54, 16, 41, 52, 16, 51, 18, 19, 41, 17, 55, 18, 17, 40, 56, 40, 39, 18, 50, 41, 19, 39, 28, 49, 38, 57, 20, 55, 58, 37, 21, 22, 36, 35, 39, 35, 34, 22, 25, 36, 22, 33, 31, 25, 59, 23, 60, 24, 23, 61, 62, 61, 63, 24, 64, 59, 25, 63, 65, 29, 60, 26, 66, 62, 56, 67, 26, 28, 27, 60, 53, 37, 68, 55, 27, 60, 29, 28, 35, 69, 32, 64, 29, 32, 69, 30, 70, 31, 30, 71, 48, 71, 64, 31, 72, 38, 49, 72, 33, 70, 65, 47, 34, 68, 37, 73, 58, 72, 74, 38, 57, 45, 75, 42, 76, 50, 48, 46, 42, 44, 43, 75, 77, 47, 78, 70, 43, 75, 45, 44, 79, 80, 51, 54, 44, 81, 82, 56, 45, 83, 84, 76, 46, 78, 47, 85, 84, 57, 86, 49, 71, 51, 80, 52, 83, 56, 62, 81, 52, 54, 53, 80, 68, 58, 55, 79, 54, 86, 57, 74, 87, 79, 73, 58, 88, 63, 61, 59, 89, 90, 66, 91, 59, 85, 92, 78, 61, 67, 77, 62, 78, 74, 72, 86, 63, 64, 71, 69, 85, 65, 70, 92, 90, 92, 85, 65, 86, 66, 90, 84, 69, 84, 83, 66, 67, 77, 67, 82, 80, 73, 79, 68, 82, 93, 94, 88, 73, 89, 87, 94, 74, 88, 95, 93, 75, 76, 91, 83, 81, 91, 76, 90, 95, 82, 81, 77, 93, 87, 89, 95, 92, 95, 88, 87, 94, 94, 93, 89, 91]
 
(96, 426) = [0, 1, 2, 3, 2, 4, 0, 5, 1, 0, 6, 7, 8, 9, 10, 0, 6, 11, 1, 12, 13, 14, 15, 1, 4, 2, 11, 16, 17, 18, 19, 2, 3, 20, 21, 8, 21, 22, 3, 19, 20, 3, 23, 14, 11, 6, 4, 24, 25, 15, 26, 4, 5, 27, 28, 17, 28, 29, 5, 10, 27, 5, 12, 15, 30, 31, 32, 6, 7, 19, 33, 13, 33, 34, 7, 32, 19, 7, 17, 9, 10, 35, 8, 36, 9, 8, 36, 21, 36, 37, 9, 28, 35, 10, 37, 38, 39, 40, 41, 11, 12, 42, 27, 30, 42, 12, 29, 40, 15, 25, 13, 43, 14, 13, 44, 22, 44, 26, 14, 45, 16, 46, 47, 25, 47, 48, 16, 41, 46, 16, 49, 18, 18, 17, 34, 50, 34, 33, 18, 51, 23, 52, 20, 53, 22, 21, 52, 20, 52, 23, 22, 48, 54, 41, 45, 23, 24, 55, 56, 39, 56, 57, 24, 26, 55, 24, 38, 31, 26, 44, 25, 58, 43, 50, 59, 27, 29, 28, 42, 60, 61, 38, 57, 29, 32, 62, 30, 59, 31, 30, 63, 64, 63, 60, 31, 37, 62, 32, 60, 65, 59, 66, 43, 33, 67, 65, 68, 34, 37, 36, 35, 69, 70, 69, 71, 35, 38, 61, 55, 70, 41, 54, 39, 72, 40, 39, 73, 74, 73, 45, 40, 57, 74, 64, 65, 42, 50, 43, 75, 46, 76, 49, 48, 44, 45, 73, 54, 76, 49, 76, 46, 77, 48, 47, 76, 78, 72, 79, 58, 47, 80, 58, 51, 49, 75, 81, 50, 68, 51, 82, 80, 67, 82, 51, 79, 66, 78, 83, 53, 52, 53, 84, 78, 54, 84, 53, 85, 83, 64, 74, 86, 55, 57, 56, 61, 87, 58, 80, 72, 56, 66, 59, 81, 88, 60, 63, 62, 61, 89, 88, 87, 62, 69, 70, 90, 63, 86, 68, 64, 90, 65, 67, 74, 89, 81, 75, 66, 91, 68, 86, 67, 92, 90, 93, 69, 71, 71, 94, 70, 86, 94, 71, 93, 85, 79, 72, 82, 84, 87, 77, 89, 73, 92, 95, 77, 75, 77, 87, 92, 80, 83, 78, 91, 79, 93, 90, 94, 81, 88, 89, 95, 82, 91, 85, 83, 93, 85, 91, 84, 95, 95, 92, 88, 94]
 
(96, 434) = [0, 1, 2, 3, 2, 4, 0, 5, 1, 0, 6, 7, 8, 9, 10, 0, 6, 11, 1, 12, 13, 14, 15, 1, 4, 2, 11, 16, 17, 18, 19, 2, 3, 20, 21, 8, 21, 22, 3, 19, 20, 3, 23, 14, 11, 6, 4, 24, 25, 26, 27, 4, 5, 15, 28, 17, 28, 29, 5, 10, 15, 5, 13, 26, 30, 31, 32, 6, 7, 33, 34, 13, 34, 35, 7, 32, 33, 7, 36, 9, 10, 37, 8, 38, 9, 8, 39, 40, 39, 41, 9, 22, 37, 10, 41, 42, 43, 44, 45, 11, 12, 46, 47, 30, 47, 48, 12, 15, 46, 12, 49, 44, 14, 13, 29, 50, 29, 28, 14, 51, 16, 52, 53, 25, 53, 38, 16, 45, 52, 16, 54, 18, 19, 55, 17, 56, 18, 17, 57, 48, 57, 58, 18, 59, 55, 19, 58, 41, 23, 60, 20, 61, 50, 40, 31, 20, 22, 21, 60, 62, 56, 54, 38, 21, 60, 23, 22, 36, 63, 64, 51, 23, 24, 65, 66, 43, 66, 67, 24, 27, 65, 24, 61, 31, 27, 68, 25, 69, 26, 25, 70, 47, 70, 71, 26, 34, 68, 27, 71, 57, 38, 53, 56, 28, 72, 42, 73, 29, 32, 74, 30, 70, 31, 30, 50, 73, 74, 32, 40, 75, 36, 76, 33, 77, 40, 50, 74, 33, 35, 34, 76, 49, 76, 36, 35, 64, 78, 75, 79, 35, 41, 39, 37, 80, 81, 45, 82, 37, 62, 83, 75, 39, 42, 72, 84, 81, 84, 85, 42, 58, 45, 81, 43, 86, 44, 43, 87, 88, 87, 82, 44, 76, 49, 89, 46, 78, 88, 73, 85, 46, 48, 47, 89, 52, 89, 49, 48, 71, 51, 86, 63, 72, 86, 51, 69, 53, 54, 56, 52, 90, 83, 62, 59, 54, 58, 57, 55, 67, 80, 90, 91, 55, 59, 79, 83, 68, 79, 59, 78, 85, 77, 91, 92, 60, 61, 93, 65, 63, 93, 61, 67, 91, 75, 78, 62, 92, 64, 63, 94, 87, 94, 69, 64, 79, 73, 88, 72, 65, 67, 66, 93, 84, 69, 94, 86, 66, 71, 70, 68, 95, 92, 95, 77, 74, 91, 77, 80, 82, 90, 80, 95, 83, 82, 87, 81, 93, 85, 84, 88, 94, 95, 92, 90, 89]
 
(96, 444) = [0, 1, 2, 3, 2, 4, 0, 5, 1, 0, 6, 7, 8, 9, 10, 0, 6, 11, 1, 12, 13, 14, 15, 1, 4, 2, 11, 16, 17, 18, 19, 2, 3, 20, 21, 8, 21, 22, 3, 19, 20, 3, 23, 14, 11, 6, 4, 24, 25, 26, 27, 4, 5, 15, 28, 17, 28, 29, 5, 10, 15, 5, 13, 26, 30, 31, 32, 6, 7, 33, 34, 13, 34, 35, 7, 32, 33, 7, 36, 9, 10, 37, 8, 38, 9, 8, 39, 40, 39, 41, 9, 42, 37, 10, 41, 43, 44, 45, 46, 11, 12, 47, 48, 30, 48, 49, 12, 15, 47, 12, 50, 45, 14, 13, 29, 51, 29, 28, 14, 52, 16, 53, 54, 25, 54, 55, 16, 46, 53, 16, 56, 18, 19, 57, 17, 58, 18, 17, 59, 49, 59, 60, 18, 61, 57, 19, 60, 62, 23, 61, 20, 63, 51, 40, 64, 20, 22, 21, 61, 56, 58, 65, 38, 21, 61, 23, 22, 55, 66, 62, 65, 22, 67, 46, 52, 23, 24, 68, 69, 44, 69, 70, 24, 27, 68, 24, 43, 31, 27, 71, 25, 72, 26, 25, 73, 48, 73, 74, 26, 34, 71, 27, 74, 75, 38, 76, 58, 28, 77, 43, 70, 29, 32, 78, 30, 73, 31, 30, 79, 80, 79, 81, 31, 41, 78, 32, 81, 39, 36, 82, 33, 71, 40, 51, 83, 33, 35, 34, 82, 79, 82, 36, 35, 84, 41, 39, 37, 35, 75, 64, 42, 36, 85, 86, 84, 37, 76, 38, 62, 86, 83, 42, 40, 81, 42, 83, 75, 78, 43, 77, 68, 85, 46, 67, 44, 87, 45, 44, 88, 89, 88, 52, 45, 76, 50, 90, 47, 57, 89, 80, 91, 47, 49, 48, 90, 53, 90, 50, 49, 92, 62, 66, 76, 50, 64, 75, 51, 70, 52, 88, 67, 77, 56, 92, 53, 66, 55, 54, 92, 59, 87, 91, 72, 54, 92, 56, 55, 65, 60, 59, 57, 91, 65, 58, 66, 90, 93, 63, 86, 60, 63, 93, 94, 67, 94, 84, 63, 64, 80, 89, 95, 68, 70, 69, 77, 94, 72, 95, 87, 69, 74, 73, 71, 83, 95, 72, 80, 82, 81, 79, 78, 74, 84, 94, 85, 95, 86, 85, 93, 88, 91, 87, 89, 93]
 
(96, 446) = [0, 1, 2, 3, 2, 4, 0, 5, 1, 0, 6, 7, 8, 9, 10, 0, 6, 11, 1, 12, 13, 14, 15, 1, 4, 2, 11, 16, 17, 18, 19, 2, 3, 20, 21, 8, 21, 22, 3, 19, 20, 3, 23, 14, 11, 6, 4, 24, 25, 26, 27, 4, 5, 27, 28, 17, 28, 29, 5, 10, 27, 5, 25, 26, 30, 31, 32, 6, 7, 33, 34, 13, 34, 35, 7, 32, 33, 7, 36, 9, 10, 37, 8, 38, 9, 8, 39, 40, 39, 41, 9, 42, 37, 10, 41, 43, 44, 45, 46, 11, 12, 15, 47, 30, 47, 48, 12, 15, 15, 12, 13, 45, 14, 13, 48, 49, 48, 47, 14, 50, 16, 51, 52, 25, 52, 53, 16, 46, 51, 16, 54, 18, 19, 55, 17, 56, 18, 17, 57, 58, 57, 59, 18, 60, 55, 19, 59, 61, 23, 62, 20, 63, 49, 40, 64, 20, 22, 21, 62, 65, 56, 64, 38, 21, 62, 23, 22, 66, 67, 61, 68, 22, 69, 70, 50, 23, 24, 50, 71, 44, 71, 58, 24, 27, 50, 24, 69, 31, 26, 25, 29, 71, 29, 28, 26, 52, 38, 72, 56, 28, 46, 43, 44, 29, 32, 73, 30, 74, 31, 30, 75, 48, 75, 76, 31, 77, 73, 32, 76, 78, 36, 79, 33, 80, 40, 49, 72, 33, 35, 34, 79, 81, 74, 82, 45, 34, 79, 36, 35, 59, 83, 78, 61, 35, 84, 60, 42, 36, 41, 39, 37, 62, 85, 86, 65, 37, 72, 38, 40, 86, 87, 63, 86, 39, 66, 88, 89, 41, 42, 90, 84, 87, 90, 42, 91, 88, 43, 46, 82, 85, 82, 74, 43, 89, 45, 44, 74, 47, 64, 56, 49, 75, 54, 80, 51, 92, 58, 71, 70, 51, 53, 52, 80, 72, 80, 54, 53, 84, 86, 85, 87, 53, 93, 91, 60, 54, 59, 57, 55, 94, 76, 75, 73, 55, 91, 93, 90, 57, 70, 69, 58, 90, 60, 84, 93, 91, 61, 67, 83, 76, 63, 87, 77, 69, 77, 65, 63, 64, 65, 77, 85, 67, 89, 95, 66, 68, 88, 66, 92, 70, 68, 81, 67, 82, 81, 68, 78, 83, 95, 89, 94, 73, 78, 83, 81, 95, 94, 92, 95, 79, 92, 94, 88, 93]
 
(96, 472) = [0, 1, 2, 3, 2, 4, 0, 5, 1, 0, 6, 7, 8, 9, 10, 0, 6, 11, 1, 12, 13, 14, 15, 1, 4, 2, 11, 16, 17, 18, 19, 2, 3, 20, 21, 8, 21, 22, 3, 19, 20, 3, 23, 14, 11, 6, 4, 24, 25, 26, 27, 4, 5, 28, 29, 17, 29, 30, 5, 10, 28, 5, 31, 26, 32, 33, 34, 6, 7, 35, 26, 13, 26, 25, 7, 34, 35, 7, 36, 9, 10, 37, 8, 38, 9, 8, 39, 40, 39, 41, 9, 22, 37, 10, 41, 42, 43, 44, 45, 11, 12, 46, 18, 32, 18, 17, 12, 15, 46, 12, 47, 44, 15, 34, 13, 31, 14, 13, 33, 48, 33, 32, 14, 49, 34, 15, 32, 28, 16, 31, 30, 25, 30, 29, 16, 45, 31, 16, 28, 18, 19, 47, 17, 50, 47, 19, 46, 41, 23, 51, 20, 52, 48, 40, 53, 20, 22, 21, 51, 54, 50, 55, 38, 21, 51, 23, 22, 36, 56, 57, 49, 23, 24, 58, 59, 43, 59, 60, 24, 27, 58, 24, 61, 33, 27, 36, 25, 57, 36, 27, 35, 62, 38, 63, 50, 29, 64, 42, 57, 30, 40, 48, 65, 35, 41, 39, 37, 66, 67, 68, 69, 37, 63, 38, 70, 68, 54, 71, 72, 39, 65, 73, 40, 72, 42, 64, 74, 67, 74, 49, 42, 46, 45, 75, 43, 64, 44, 43, 76, 74, 76, 77, 44, 78, 75, 45, 77, 63, 66, 79, 78, 47, 53, 80, 48, 61, 49, 74, 56, 58, 55, 50, 81, 79, 62, 82, 83, 51, 52, 84, 85, 56, 85, 69, 52, 53, 84, 52, 68, 82, 80, 53, 73, 86, 72, 87, 54, 83, 71, 54, 88, 55, 81, 70, 55, 89, 57, 56, 64, 59, 61, 90, 58, 85, 60, 59, 90, 84, 90, 61, 60, 91, 82, 62, 92, 60, 83, 93, 62, 65, 70, 81, 63, 87, 73, 65, 80, 94, 78, 86, 66, 69, 79, 66, 94, 71, 69, 85, 67, 76, 68, 67, 84, 75, 92, 95, 82, 70, 88, 91, 71, 80, 87, 72, 91, 92, 95, 92, 93, 73, 77, 76, 75, 90, 91, 88, 87, 77, 86, 78, 89, 88, 94, 89, 79, 95, 93, 83, 95, 81, 89, 94, 86, 93]
 
(96, 488) = [1, 0, 0, 2, 0, 1, 1, 3, 4, 5, 6, 0, 7, 8, 9, 1, 2, 10, 11, 7, 11, 12, 2, 6, 10, 2, 13, 5, 3, 14, 15, 4, 15, 16, 3, 9, 14, 3, 17, 8, 6, 18, 4, 19, 5, 4, 20, 21, 20, 22, 5, 23, 18, 6, 22, 24, 9, 25, 7, 26, 8, 7, 27, 28, 27, 29, 8, 30, 25, 9, 29, 31, 13, 32, 10, 33, 21, 28, 34, 10, 12, 11, 32, 35, 19, 36, 26, 11, 32, 13, 12, 37, 38, 24, 36, 12, 39, 40, 23, 13, 17, 41, 14, 42, 28, 21, 40, 14, 16, 15, 41, 43, 26, 44, 19, 15, 41, 17, 16, 45, 46, 31, 47, 16, 48, 47, 30, 17, 22, 20, 18, 49, 50, 51, 52, 18, 36, 19, 38, 51, 53, 54, 55, 20, 34, 23, 21, 55, 56, 55, 57, 22, 23, 34, 39, 53, 24, 38, 44, 50, 44, 26, 24, 57, 29, 27, 25, 58, 59, 57, 54, 25, 60, 61, 62, 27, 40, 39, 28, 62, 63, 64, 64, 29, 30, 65, 48, 60, 65, 30, 31, 64, 31, 46, 65, 59, 66, 67, 68, 32, 33, 69, 70, 39, 70, 71, 33, 34, 69, 33, 72, 67, 35, 73, 74, 38, 74, 42, 35, 68, 73, 35, 37, 36, 37, 75, 73, 66, 75, 37, 42, 40, 76, 68, 77, 41, 42, 74, 75, 48, 43, 78, 79, 46, 79, 80, 43, 77, 78, 43, 81, 44, 45, 82, 82, 76, 82, 45, 45, 47, 47, 48, 46, 83, 49, 84, 85, 56, 85, 86, 49, 52, 84, 49, 58, 54, 52, 87, 50, 81, 51, 50, 88, 73, 88, 83, 51, 74, 87, 52, 83, 79, 55, 56, 53, 70, 54, 53, 59, 71, 57, 59, 56, 78, 58, 89, 84, 63, 89, 58, 86, 61, 62, 90, 60, 75, 61, 60, 91, 72, 91, 92, 61, 93, 90, 62, 92, 69, 64, 63, 63, 94, 94, 72, 71, 65, 68, 76, 66, 88, 67, 66, 95, 90, 95, 77, 67, 91, 72, 94, 69, 89, 71, 70, 94, 84, 77, 95, 76, 87, 81, 93, 78, 85, 80, 79, 93, 86, 93, 81, 80, 95, 92, 91, 90, 80, 83, 88, 87, 82, 86, 85, 89, 92]
 
(96, 524) = [1, 2, 2, 3, 0, 4, 4, 5, 4, 0, 0, 6, 7, 8, 8, 0, 2, 1, 1, 9, 10, 11, 12, 1, 13, 14, 14, 2, 3, 15, 15, 10, 15, 3, 3, 14, 16, 17, 18, 4, 5, 19, 20, 7, 20, 21, 5, 18, 19, 5, 22, 17, 6, 23, 23, 16, 23, 6, 6, 8, 8, 7, 7, 24, 9, 25, 26, 13, 26, 27, 9, 12, 25, 9, 28, 11, 12, 29, 10, 30, 11, 10, 31, 32, 31, 33, 11, 34, 29, 12, 33, 35, 14, 13, 13, 36, 36, 32, 30, 15, 18, 37, 16, 38, 17, 16, 39, 40, 39, 41, 17, 42, 37, 18, 41, 43, 22, 44, 19, 41, 40, 24, 43, 19, 21, 20, 44, 45, 38, 46, 24, 20, 44, 22, 21, 47, 48, 43, 46, 21, 49, 50, 42, 22, 24, 40, 38, 23, 28, 51, 25, 52, 32, 36, 53, 25, 27, 26, 51, 54, 30, 55, 36, 26, 51, 28, 27, 29, 56, 35, 57, 27, 55, 30, 34, 28, 33, 31, 29, 57, 58, 59, 60, 31, 53, 34, 32, 60, 61, 60, 62, 33, 34, 53, 55, 58, 35, 56, 63, 51, 63, 64, 35, 62, 41, 39, 37, 49, 65, 66, 67, 37, 46, 38, 48, 66, 67, 68, 65, 39, 43, 48, 40, 65, 42, 69, 49, 67, 69, 42, 70, 44, 45, 71, 72, 48, 72, 73, 45, 70, 71, 45, 47, 46, 47, 74, 71, 69, 74, 47, 73, 50, 50, 49, 75, 68, 75, 70, 50, 76, 52, 54, 77, 55, 77, 78, 52, 53, 54, 52, 79, 56, 79, 80, 54, 63, 57, 81, 56, 61, 81, 57, 64, 59, 60, 61, 58, 77, 59, 58, 82, 78, 82, 62, 59, 83, 62, 82, 61, 79, 64, 63, 81, 84, 85, 83, 83, 64, 66, 65, 86, 71, 86, 87, 66, 72, 68, 67, 87, 74, 87, 86, 68, 88, 70, 75, 69, 86, 73, 72, 74, 89, 90, 76, 76, 73, 91, 88, 88, 75, 76, 90, 90, 91, 78, 77, 80, 81, 80, 79, 78, 92, 93, 84, 84, 80, 94, 92, 92, 82, 83, 85, 85, 94, 84, 93, 93, 85, 95, 89, 89, 87, 88, 91, 91, 95, 89, 95, 95, 90, 92, 94, 94, 93]
 
(96, 537) = [1, 2, 3, 4, 0, 5, 4, 6, 4, 7, 0, 8, 5, 0, 9, 10, 2, 1, 11, 0, 3, 12, 1, 13, 8, 10, 14, 1, 11, 15, 2, 16, 6, 17, 18, 2, 12, 3, 15, 19, 18, 20, 6, 3, 7, 4, 21, 17, 9, 21, 5, 22, 23, 24, 25, 5, 17, 6, 26, 24, 21, 9, 7, 27, 24, 23, 28, 7, 14, 29, 8, 11, 10, 8, 30, 23, 31, 32, 33, 9, 30, 34, 10, 33, 15, 11, 12, 35, 36, 37, 38, 12, 13, 39, 16, 18, 16, 40, 13, 14, 39, 13, 41, 37, 29, 14, 34, 42, 43, 44, 45, 15, 40, 16, 46, 44, 26, 47, 17, 48, 20, 18, 47, 49, 19, 50, 51, 36, 51, 33, 19, 45, 50, 19, 32, 20, 47, 26, 20, 52, 53, 54, 48, 21, 22, 55, 56, 31, 56, 38, 22, 25, 55, 22, 37, 54, 25, 57, 23, 58, 28, 59, 24, 60, 57, 25, 59, 61, 62, 63, 60, 26, 27, 64, 63, 53, 63, 62, 27, 28, 64, 27, 52, 32, 59, 28, 57, 65, 34, 30, 29, 66, 67, 35, 68, 29, 69, 70, 58, 30, 33, 51, 31, 69, 32, 31, 50, 71, 72, 45, 73, 34, 35, 67, 74, 43, 74, 61, 35, 38, 38, 56, 36, 75, 37, 36, 55, 76, 41, 46, 39, 77, 76, 49, 70, 39, 46, 41, 40, 78, 73, 42, 72, 40, 79, 80, 54, 41, 42, 73, 44, 67, 44, 43, 42, 73, 45, 72, 43, 81, 68, 82, 67, 46, 83, 84, 85, 47, 48, 65, 53, 62, 65, 48, 80, 84, 49, 76, 86, 50, 86, 58, 49, 85, 81, 87, 75, 51, 52, 60, 64, 83, 60, 52, 62, 63, 54, 53, 79, 88, 88, 71, 87, 55, 58, 86, 69, 56, 89, 85, 90, 57, 84, 83, 91, 59, 61, 74, 82, 89, 82, 68, 61, 91, 71, 88, 92, 64, 80, 79, 65, 90, 66, 93, 78, 72, 78, 94, 66, 68, 93, 66, 77, 70, 70, 69, 76, 87, 92, 75, 71, 86, 75, 92, 81, 74, 77, 95, 93, 79, 95, 77, 94, 82, 94, 78, 95, 80, 87, 81, 88, 93, 85, 89, 83, 92, 91, 90, 84, 95, 90, 91, 89, 94]
 
(96, 544) = [1, 2, 3, 4, 0, 5, 6, 7, 6, 3, 0, 8, 5, 0, 2, 9, 10, 11, 12, 0, 3, 6, 1, 13, 2, 1, 5, 14, 15, 16, 17, 1, 18, 19, 20, 2, 21, 22, 23, 3, 4, 24, 25, 15, 25, 12, 4, 23, 24, 4, 11, 19, 26, 27, 28, 5, 29, 30, 31, 6, 7, 32, 33, 10, 33, 34, 7, 31, 32, 7, 35, 27, 8, 36, 37, 29, 37, 20, 8, 12, 36, 8, 19, 22, 9, 38, 39, 26, 39, 23, 9, 20, 38, 9, 22, 11, 12, 25, 10, 40, 11, 10, 24, 41, 13, 42, 43, 21, 43, 44, 13, 17, 42, 13, 45, 30, 14, 46, 47, 18, 47, 48, 14, 28, 46, 14, 49, 16, 17, 50, 15, 51, 16, 15, 52, 53, 52, 54, 16, 55, 50, 17, 54, 56, 20, 37, 18, 57, 19, 18, 36, 58, 23, 39, 21, 59, 22, 21, 38, 60, 58, 53, 61, 24, 59, 62, 51, 25, 28, 63, 26, 64, 27, 26, 65, 66, 65, 67, 27, 68, 63, 28, 67, 69, 31, 70, 29, 71, 30, 29, 72, 73, 72, 74, 30, 75, 70, 31, 74, 76, 35, 77, 32, 78, 66, 41, 79, 32, 34, 33, 77, 80, 71, 81, 40, 33, 77, 35, 34, 82, 83, 76, 84, 34, 85, 86, 68, 35, 60, 73, 86, 36, 40, 87, 71, 37, 41, 66, 88, 38, 57, 89, 64, 39, 87, 40, 69, 62, 88, 90, 41, 61, 45, 91, 42, 77, 73, 60, 80, 42, 44, 43, 91, 92, 51, 84, 59, 43, 91, 45, 44, 90, 93, 56, 94, 44, 82, 61, 75, 45, 49, 78, 46, 91, 53, 58, 92, 46, 48, 47, 78, 79, 64, 94, 57, 47, 78, 49, 48, 85, 95, 69, 81, 48, 90, 88, 55, 49, 54, 52, 50, 63, 74, 72, 70, 50, 84, 51, 83, 72, 94, 64, 93, 52, 92, 75, 53, 93, 69, 95, 87, 54, 55, 79, 90, 94, 79, 55, 66, 95, 56, 93, 89, 74, 89, 57, 56, 87, 61, 82, 58, 86, 62, 59, 76, 89, 86, 85, 60, 88, 76, 83, 62, 67, 67, 65, 63, 70, 81, 71, 95, 65, 68, 80, 85, 81, 80, 68, 73, 83, 75, 92, 82, 84]
 
(96, 552) = [1, 2, 3, 4, 0, 5, 6, 7, 6, 7, 0, 8, 5, 0, 9, 10, 11, 12, 13, 0, 3, 14, 1, 15, 2, 1, 16, 17, 16, 18, 2, 1, 19, 20, 15, 2, 14, 3, 18, 21, 22, 23, 24, 3, 4, 25, 26, 16, 26, 27, 4, 24, 25, 4, 28, 20, 9, 29, 5, 30, 31, 8, 32, 5, 7, 6, 29, 11, 33, 34, 35, 6, 29, 9, 7, 35, 8, 31, 36, 33, 36, 37, 8, 13, 38, 39, 40, 9, 10, 41, 42, 31, 42, 43, 10, 40, 41, 10, 44, 12, 13, 45, 11, 46, 12, 11, 47, 34, 47, 48, 12, 49, 45, 13, 48, 50, 18, 16, 14, 51, 52, 53, 54, 14, 15, 55, 19, 22, 55, 15, 56, 53, 17, 57, 58, 19, 58, 59, 17, 26, 57, 17, 60, 18, 20, 19, 61, 62, 61, 56, 20, 59, 21, 63, 64, 52, 64, 65, 21, 60, 63, 21, 66, 23, 24, 67, 22, 58, 23, 22, 51, 54, 51, 62, 23, 57, 67, 24, 62, 68, 28, 69, 25, 70, 62, 51, 67, 25, 27, 26, 69, 56, 69, 28, 27, 65, 71, 68, 72, 27, 73, 60, 59, 28, 43, 42, 46, 29, 30, 74, 75, 38, 75, 76, 30, 32, 74, 30, 77, 42, 32, 78, 31, 77, 78, 32, 37, 47, 35, 79, 33, 43, 34, 33, 80, 41, 80, 50, 34, 37, 79, 35, 50, 39, 37, 36, 78, 81, 46, 44, 43, 36, 40, 82, 38, 74, 39, 38, 83, 82, 83, 84, 39, 48, 82, 40, 84, 79, 44, 46, 41, 85, 86, 81, 49, 44, 48, 47, 45, 76, 87, 85, 88, 45, 49, 88, 86, 78, 88, 49, 87, 84, 50, 80, 79, 87, 54, 89, 52, 63, 53, 52, 90, 89, 90, 91, 53, 69, 89, 54, 91, 55, 56, 61, 55, 71, 60, 73, 57, 66, 59, 58, 73, 92, 92, 93, 68, 61, 66, 94, 63, 64, 65, 64, 94, 90, 94, 66, 65, 72, 93, 92, 70, 67, 68, 71, 92, 93, 70, 72, 93, 73, 72, 70, 71, 91, 77, 95, 74, 75, 76, 75, 95, 83, 95, 77, 76, 88, 81, 86, 85, 80, 85, 87, 81, 86, 84, 83, 82, 95, 91, 90, 89, 94]
 
(96, 553) = [1, 2, 3, 4, 0, 5, 6, 7, 6, 7, 0, 8, 5, 0, 9, 10, 11, 12, 13, 0, 3, 14, 1, 15, 2, 1, 16, 17, 16, 18, 2, 1, 19, 20, 15, 2, 14, 3, 18, 21, 22, 23, 24, 3, 4, 25, 26, 16, 26, 27, 4, 24, 25, 4, 28, 20, 9, 29, 5, 30, 31, 8, 32, 5, 7, 6, 29, 11, 33, 34, 35, 6, 29, 9, 7, 35, 8, 31, 36, 33, 36, 37, 8, 13, 38, 39, 40, 9, 10, 41, 42, 31, 42, 43, 10, 40, 41, 10, 44, 12, 13, 45, 11, 46, 12, 11, 47, 34, 47, 48, 12, 49, 45, 13, 48, 50, 18, 16, 14, 51, 52, 53, 54, 14, 15, 55, 19, 22, 55, 15, 56, 53, 17, 57, 58, 19, 58, 59, 17, 26, 57, 17, 60, 18, 20, 19, 61, 62, 61, 56, 20, 63, 21, 64, 65, 52, 65, 54, 21, 60, 64, 21, 53, 23, 24, 66, 22, 58, 23, 22, 67, 68, 67, 69, 23, 56, 66, 24, 69, 61, 28, 70, 25, 71, 62, 51, 72, 25, 27, 26, 70, 67, 70, 28, 27, 73, 56, 61, 55, 27, 74, 75, 63, 28, 76, 77, 46, 29, 30, 78, 79, 38, 79, 40, 30, 32, 78, 30, 39, 77, 32, 49, 31, 80, 49, 32, 37, 43, 35, 81, 33, 76, 34, 33, 82, 41, 82, 83, 34, 84, 81, 35, 83, 39, 37, 36, 49, 44, 46, 85, 76, 36, 86, 50, 85, 37, 40, 79, 38, 87, 39, 38, 78, 88, 44, 84, 41, 86, 43, 42, 84, 47, 87, 89, 80, 42, 84, 44, 43, 85, 48, 47, 45, 89, 83, 82, 81, 45, 85, 46, 86, 82, 90, 80, 91, 48, 50, 86, 77, 83, 77, 76, 50, 91, 51, 62, 75, 57, 75, 74, 51, 54, 54, 65, 52, 92, 53, 52, 64, 93, 93, 68, 73, 55, 60, 71, 57, 94, 59, 58, 71, 72, 71, 60, 59, 74, 69, 67, 66, 59, 72, 63, 62, 69, 63, 72, 74, 66, 68, 93, 95, 64, 94, 95, 92, 65, 95, 94, 68, 70, 73, 92, 93, 95, 92, 73, 94, 75, 91, 88, 90, 78, 80, 90, 87, 79, 88, 91, 89, 81, 89, 87, 88, 90]
 
