(14, 1) = [0, 1, 2, 3, 2, 4, 0, 2, 1, 0, 5, 1, 6, 3, 3, 0, 5, 7, 1, 8, 4, 2, 7, 9, 3, 6, 6, 6, 7, 5, 4, 10, 11, 9, 12, 4, 13, 13, 8, 5, 12, 12, 11, 7, 8, 10, 13, 13, 10, 8, 10, 12, 9, 11, 9, 11]
 
(28, 3) = [0, 1, 2, 3, 2, 4, 0, 2, 1, 0, 5, 1, 6, 3, 3, 0, 5, 7, 1, 8, 4, 2, 7, 9, 3, 6, 6, 6, 7, 5, 4, 10, 11, 9, 12, 4, 13, 14, 8, 5, 15, 12, 16, 7, 8, 17, 13, 13, 17, 8, 10, 12, 9, 11, 18, 11, 18, 16, 9, 16, 10, 19, 17, 15, 19, 10, 14, 14, 12, 15, 11, 20, 14, 13, 19, 21, 16, 18, 15, 22, 20, 21, 22, 17, 22, 23, 20, 18, 21, 20, 24, 19, 24, 25, 21, 24, 23, 22, 25, 23, 25, 24, 23, 26, 27, 26, 26, 25, 26, 27, 27, 27]
 
(28, 8) = [1, 1, 2, 3, 0, 4, 0, 4, 4, 0, 5, 6, 6, 7, 8, 0, 2, 9, 1, 1, 9, 2, 9, 10, 3, 11, 12, 2, 12, 13, 3, 12, 11, 3, 14, 9, 5, 5, 4, 8, 15, 16, 15, 5, 8, 17, 6, 15, 7, 6, 18, 7, 18, 19, 7, 20, 17, 8, 19, 16, 10, 10, 21, 11, 21, 22, 10, 14, 14, 23, 11, 22, 13, 12, 23, 24, 23, 14, 13, 23, 25, 24, 24, 13, 16, 15, 26, 26, 26, 26, 16, 17, 19, 18, 17, 19, 27, 20, 20, 18, 20, 27, 27, 27, 22, 21, 22, 21, 24, 25, 25, 25]
 
(28, 10) = [1, 2, 2, 2, 0, 3, 3, 4, 3, 0, 0, 0, 2, 1, 1, 5, 5, 6, 7, 1, 4, 8, 9, 3, 9, 10, 4, 9, 8, 4, 11, 8, 7, 12, 5, 7, 6, 5, 13, 6, 13, 14, 6, 15, 12, 7, 14, 16, 11, 17, 8, 18, 10, 9, 17, 19, 17, 11, 10, 20, 21, 19, 22, 10, 23, 24, 18, 11, 14, 13, 12, 25, 26, 16, 27, 12, 24, 23, 15, 13, 22, 27, 21, 14, 15, 20, 24, 24, 20, 15, 25, 27, 16, 26, 19, 26, 19, 21, 16, 21, 27, 22, 26, 17, 18, 25, 23, 23, 25, 18, 20, 22]
 
(42, 14) = [0, 1, 2, 3, 2, 4, 0, 5, 1, 0, 6, 7, 8, 8, 9, 0, 6, 10, 1, 11, 12, 12, 13, 1, 4, 2, 10, 14, 9, 15, 8, 2, 3, 7, 3, 8, 7, 3, 16, 12, 10, 6, 4, 17, 18, 19, 20, 4, 5, 21, 5, 9, 21, 5, 22, 19, 23, 20, 24, 6, 16, 16, 7, 24, 15, 9, 15, 25, 26, 27, 27, 10, 11, 28, 29, 23, 29, 30, 11, 13, 28, 11, 14, 27, 13, 31, 12, 32, 31, 13, 31, 33, 14, 34, 28, 18, 34, 14, 30, 15, 35, 36, 32, 16, 17, 37, 37, 26, 37, 17, 17, 20, 20, 23, 18, 38, 19, 18, 39, 40, 39, 24, 19, 36, 22, 22, 21, 39, 40, 25, 40, 21, 36, 35, 36, 22, 24, 39, 23, 35, 25, 40, 33, 34, 33, 33, 25, 30, 27, 26, 26, 41, 41, 38, 38, 28, 30, 29, 34, 31, 32, 32, 35, 29, 38, 41, 41, 37]
 
(42, 15) = [0, 1, 2, 3, 2, 4, 0, 5, 1, 0, 6, 7, 8, 8, 9, 0, 6, 10, 1, 11, 12, 12, 13, 1, 4, 2, 10, 14, 9, 15, 8, 2, 3, 7, 3, 8, 7, 3, 16, 12, 10, 6, 4, 17, 18, 19, 20, 4, 5, 21, 5, 9, 21, 5, 22, 19, 23, 24, 25, 6, 16, 16, 7, 25, 15, 9, 15, 26, 27, 28, 29, 10, 11, 20, 30, 23, 30, 31, 11, 13, 20, 11, 18, 28, 13, 32, 12, 33, 32, 13, 32, 22, 14, 34, 24, 18, 24, 23, 14, 29, 34, 14, 35, 15, 36, 37, 33, 16, 17, 38, 39, 27, 39, 29, 17, 20, 38, 17, 28, 24, 19, 18, 31, 40, 31, 30, 19, 32, 22, 22, 21, 31, 40, 26, 40, 21, 25, 35, 23, 36, 35, 25, 34, 37, 26, 40, 41, 34, 41, 41, 26, 35, 29, 39, 27, 38, 28, 27, 38, 39, 33, 33, 36, 30, 37, 36, 37, 41]
 
(42, 21) = [0, 1, 2, 3, 2, 4, 0, 5, 1, 0, 6, 7, 8, 9, 9, 0, 6, 10, 1, 11, 12, 13, 14, 1, 4, 2, 10, 15, 16, 17, 13, 2, 3, 18, 18, 8, 18, 3, 3, 13, 10, 6, 4, 19, 20, 21, 22, 4, 5, 23, 24, 16, 24, 7, 5, 9, 23, 5, 25, 21, 26, 27, 28, 6, 7, 24, 29, 12, 29, 25, 7, 28, 9, 8, 8, 30, 31, 32, 33, 10, 11, 34, 35, 26, 35, 35, 11, 14, 34, 11, 34, 32, 14, 36, 12, 37, 13, 12, 16, 38, 36, 14, 17, 39, 15, 33, 40, 20, 40, 41, 15, 33, 33, 15, 31, 17, 17, 16, 36, 40, 38, 30, 30, 18, 19, 28, 39, 31, 39, 37, 19, 22, 28, 19, 26, 27, 22, 22, 20, 36, 21, 20, 21, 41, 25, 29, 23, 34, 41, 40, 32, 23, 30, 38, 38, 24, 32, 31, 41, 25, 27, 26, 37, 29, 37, 39, 27, 35]
 
(56, 14) = [0, 1, 2, 3, 2, 4, 0, 2, 1, 0, 5, 1, 6, 3, 3, 0, 5, 7, 1, 8, 4, 2, 7, 9, 3, 6, 6, 6, 7, 5, 4, 10, 11, 9, 12, 4, 13, 14, 8, 5, 15, 16, 17, 7, 8, 18, 13, 13, 18, 8, 19, 16, 9, 11, 20, 11, 20, 21, 9, 17, 10, 22, 23, 15, 23, 24, 10, 12, 22, 10, 25, 14, 12, 26, 11, 27, 26, 12, 21, 28, 14, 13, 29, 30, 29, 19, 14, 31, 17, 32, 15, 33, 16, 15, 34, 35, 34, 36, 16, 37, 32, 17, 36, 34, 19, 29, 18, 26, 35, 30, 38, 18, 28, 39, 37, 19, 21, 20, 26, 38, 33, 40, 27, 20, 36, 34, 32, 21, 25, 31, 22, 39, 30, 35, 41, 22, 24, 23, 31, 25, 27, 42, 33, 23, 31, 25, 24, 42, 39, 28, 43, 24, 42, 27, 44, 29, 37, 45, 28, 32, 41, 46, 30, 44, 40, 33, 47, 45, 38, 48, 35, 36, 45, 37, 49, 48, 48, 38, 46, 40, 43, 49, 39, 41, 47, 44, 40, 50, 46, 41, 48, 51, 44, 47, 42, 43, 49, 43, 45, 52, 53, 50, 50, 46, 54, 52, 52, 47, 55, 51, 51, 49, 50, 53, 53, 54, 51, 55, 55, 53, 52, 54, 54, 55]
 
(56, 24) = [1, 0, 0, 2, 0, 1, 1, 3, 4, 5, 6, 0, 7, 8, 9, 1, 2, 10, 11, 7, 11, 6, 2, 6, 10, 2, 5, 5, 3, 12, 13, 4, 13, 14, 3, 9, 12, 3, 15, 8, 6, 11, 4, 16, 5, 4, 10, 17, 9, 18, 7, 19, 8, 7, 20, 21, 20, 22, 8, 23, 18, 9, 22, 24, 17, 21, 25, 10, 16, 26, 19, 11, 15, 27, 12, 28, 21, 17, 29, 12, 14, 13, 27, 30, 19, 31, 16, 13, 27, 15, 14, 32, 33, 24, 34, 14, 35, 35, 23, 15, 26, 16, 36, 26, 25, 37, 17, 25, 22, 20, 18, 38, 39, 40, 41, 18, 31, 19, 42, 40, 43, 43, 44, 20, 29, 45, 21, 44, 41, 41, 39, 22, 23, 38, 35, 43, 38, 23, 38, 41, 24, 33, 24, 39, 37, 25, 45, 46, 36, 42, 26, 47, 34, 34, 33, 27, 28, 32, 48, 35, 48, 48, 28, 29, 32, 28, 32, 34, 45, 29, 37, 49, 30, 50, 30, 33, 50, 30, 51, 31, 42, 36, 31, 52, 53, 53, 47, 36, 54, 46, 55, 37, 40, 39, 40, 50, 51, 51, 50, 42, 44, 49, 43, 48, 49, 44, 49, 55, 55, 55, 54, 45, 46, 54, 46, 54, 47, 52, 53, 53, 52, 47, 52, 51]
 
(56, 31) = [1, 2, 2, 2, 0, 3, 3, 4, 3, 0, 0, 0, 2, 1, 1, 5, 5, 6, 7, 1, 4, 8, 9, 3, 9, 10, 4, 9, 8, 4, 11, 8, 7, 12, 5, 7, 6, 5, 13, 6, 13, 14, 6, 15, 12, 7, 14, 16, 11, 17, 8, 18, 10, 9, 17, 19, 17, 11, 10, 20, 21, 19, 22, 10, 23, 24, 18, 11, 14, 13, 12, 25, 26, 16, 27, 12, 28, 29, 15, 13, 30, 27, 31, 14, 15, 32, 28, 28, 32, 15, 25, 27, 16, 26, 33, 26, 33, 31, 16, 31, 34, 22, 35, 17, 18, 36, 23, 23, 36, 18, 20, 22, 19, 21, 37, 21, 37, 35, 19, 35, 20, 38, 36, 34, 38, 20, 24, 24, 22, 34, 21, 39, 24, 23, 38, 40, 25, 41, 32, 30, 41, 25, 29, 29, 27, 30, 26, 42, 29, 28, 41, 43, 31, 33, 30, 44, 42, 43, 44, 32, 44, 45, 42, 33, 35, 37, 34, 46, 39, 40, 46, 36, 46, 47, 39, 37, 40, 39, 48, 38, 48, 49, 40, 48, 43, 42, 50, 41, 50, 51, 43, 50, 45, 44, 51, 45, 51, 50, 45, 52, 47, 46, 49, 47, 49, 48, 47, 53, 54, 53, 53, 49, 55, 52, 52, 51, 52, 55, 55, 55, 53, 54, 54, 54]
 
(70, 43) = [0, 1, 2, 3, 2, 4, 0, 2, 1, 0, 5, 1, 6, 3, 3, 0, 5, 7, 1, 8, 4, 2, 7, 9, 3, 6, 6, 6, 7, 5, 4, 10, 11, 9, 12, 4, 13, 14, 8, 5, 15, 16, 17, 7, 8, 18, 13, 13, 18, 8, 19, 16, 9, 11, 20, 11, 20, 21, 9, 17, 10, 22, 23, 15, 23, 24, 10, 12, 22, 10, 25, 14, 12, 26, 11, 27, 26, 12, 21, 28, 14, 13, 29, 30, 29, 19, 14, 31, 17, 32, 15, 33, 16, 15, 34, 35, 34, 36, 16, 37, 32, 17, 36, 38, 19, 29, 18, 39, 35, 30, 40, 18, 41, 42, 37, 19, 21, 20, 26, 43, 33, 44, 27, 20, 45, 38, 45, 21, 25, 46, 22, 47, 30, 35, 48, 22, 24, 23, 46, 46, 27, 47, 33, 23, 46, 25, 24, 49, 49, 28, 50, 24, 51, 52, 31, 25, 52, 51, 52, 26, 47, 27, 53, 51, 28, 49, 43, 52, 43, 54, 28, 45, 42, 41, 55, 29, 48, 56, 30, 55, 31, 31, 51, 42, 36, 34, 32, 34, 40, 57, 35, 32, 44, 33, 58, 57, 37, 59, 41, 36, 59, 37, 60, 59, 38, 45, 39, 40, 39, 39, 38, 41, 57, 40, 56, 54, 55, 60, 42, 53, 54, 43, 61, 44, 58, 53, 44, 62, 53, 58, 47, 48, 56, 48, 57, 63, 50, 61, 49, 50, 61, 50, 54, 64, 60, 55, 59, 65, 66, 65, 64, 56, 67, 63, 63, 58, 68, 62, 65, 60, 69, 64, 62, 61, 62, 68, 69, 67, 63, 67, 67, 66, 64, 69, 66, 69, 65, 66, 68, 68]
 
(84, 229) = [0, 1, 2, 3, 2, 4, 0, 2, 1, 0, 5, 1, 6, 3, 3, 0, 5, 7, 1, 8, 4, 2, 7, 9, 3, 6, 6, 6, 7, 5, 4, 10, 11, 9, 12, 4, 13, 14, 8, 5, 15, 16, 17, 7, 8, 18, 13, 13, 18, 8, 19, 16, 9, 11, 20, 11, 20, 21, 9, 17, 10, 22, 23, 15, 23, 24, 10, 12, 22, 10, 25, 14, 12, 26, 11, 27, 26, 12, 21, 28, 14, 13, 29, 30, 29, 19, 14, 31, 17, 32, 15, 33, 16, 15, 34, 35, 34, 36, 16, 37, 32, 17, 36, 38, 19, 29, 18, 39, 35, 30, 40, 18, 41, 42, 37, 19, 21, 20, 26, 43, 33, 44, 27, 20, 45, 38, 46, 21, 25, 47, 22, 48, 30, 35, 49, 22, 24, 23, 47, 47, 27, 48, 33, 23, 47, 25, 24, 50, 50, 28, 51, 24, 52, 53, 31, 25, 53, 52, 54, 26, 48, 27, 55, 52, 28, 50, 56, 53, 56, 57, 28, 46, 58, 59, 60, 29, 49, 61, 30, 60, 31, 62, 52, 58, 62, 31, 63, 42, 36, 34, 32, 34, 40, 64, 35, 32, 44, 33, 65, 64, 37, 66, 41, 36, 66, 37, 67, 66, 38, 45, 39, 40, 39, 68, 38, 41, 68, 39, 69, 59, 64, 40, 61, 70, 42, 41, 71, 63, 71, 67, 42, 71, 43, 70, 59, 45, 59, 58, 43, 54, 70, 43, 72, 44, 65, 55, 44, 73, 46, 69, 45, 69, 69, 46, 68, 56, 55, 65, 48, 49, 61, 49, 64, 74, 51, 75, 50, 51, 75, 51, 57, 76, 54, 63, 53, 68, 63, 54, 62, 62, 60, 72, 58, 55, 57, 56, 75, 57, 72, 60, 70, 77, 78, 77, 77, 61, 79, 74, 74, 65, 67, 71, 66, 80, 81, 80, 80, 67, 82, 73, 73, 72, 73, 82, 82, 79, 74, 79, 79, 78, 83, 76, 76, 75, 76, 83, 83, 83, 77, 78, 78, 82, 80, 81, 81, 81]
 
(84, 248) = [0, 1, 2, 3, 2, 4, 0, 5, 1, 0, 6, 7, 8, 8, 9, 0, 6, 10, 1, 11, 12, 12, 13, 1, 4, 2, 10, 14, 9, 15, 8, 2, 3, 7, 3, 8, 7, 3, 16, 12, 10, 6, 4, 17, 18, 19, 20, 4, 5, 21, 5, 9, 21, 5, 22, 19, 23, 20, 24, 6, 16, 16, 7, 24, 15, 9, 15, 25, 26, 27, 27, 10, 11, 28, 29, 23, 29, 30, 11, 13, 28, 11, 14, 27, 13, 31, 12, 32, 31, 13, 31, 33, 14, 34, 28, 18, 34, 14, 30, 15, 35, 36, 32, 16, 17, 37, 37, 26, 37, 17, 17, 20, 20, 23, 18, 38, 19, 18, 39, 40, 39, 24, 19, 36, 22, 22, 21, 41, 40, 25, 42, 21, 43, 44, 36, 22, 24, 39, 23, 35, 25, 40, 45, 34, 45, 33, 25, 30, 27, 26, 26, 46, 46, 38, 38, 28, 30, 29, 34, 47, 32, 48, 35, 29, 49, 50, 51, 31, 48, 32, 44, 50, 33, 45, 52, 49, 52, 42, 33, 51, 36, 35, 43, 53, 38, 46, 46, 37, 53, 53, 54, 39, 42, 52, 40, 54, 41, 55, 56, 43, 56, 57, 41, 42, 55, 41, 58, 44, 44, 43, 48, 59, 47, 60, 47, 45, 60, 47, 61, 48, 51, 62, 49, 63, 50, 49, 64, 60, 64, 65, 50, 58, 62, 51, 65, 57, 63, 66, 63, 52, 54, 67, 53, 56, 67, 54, 67, 66, 58, 68, 55, 69, 59, 59, 70, 55, 57, 56, 68, 71, 68, 58, 57, 72, 70, 73, 59, 61, 61, 61, 60, 74, 65, 64, 62, 75, 71, 76, 77, 62, 66, 63, 78, 76, 69, 77, 74, 64, 79, 72, 72, 65, 78, 78, 66, 80, 76, 71, 80, 67, 81, 82, 82, 68, 74, 80, 69, 70, 77, 69, 71, 82, 73, 70, 73, 78, 72, 79, 79, 81, 80, 74, 76, 73, 75, 83, 83, 79, 83, 75, 75, 77, 82, 81, 81, 83]
 
(84, 249) = [0, 1, 2, 3, 2, 4, 0, 5, 1, 0, 6, 7, 8, 8, 9, 0, 6, 10, 1, 11, 12, 12, 13, 1, 4, 2, 10, 14, 9, 15, 8, 2, 3, 7, 3, 8, 7, 3, 16, 12, 10, 6, 4, 17, 18, 19, 20, 4, 5, 21, 5, 9, 21, 5, 22, 19, 23, 24, 25, 6, 16, 16, 7, 25, 15, 9, 15, 26, 27, 28, 29, 10, 11, 20, 30, 23, 30, 31, 11, 13, 20, 11, 18, 28, 13, 32, 12, 33, 32, 13, 32, 22, 14, 34, 35, 18, 35, 36, 14, 29, 34, 14, 37, 15, 38, 39, 33, 16, 17, 40, 41, 27, 41, 42, 17, 20, 40, 17, 43, 24, 19, 18, 31, 44, 31, 30, 19, 32, 22, 22, 21, 31, 44, 26, 44, 21, 25, 45, 23, 38, 24, 23, 46, 42, 46, 47, 24, 48, 45, 25, 47, 39, 26, 44, 49, 34, 49, 49, 26, 37, 29, 50, 27, 51, 28, 27, 51, 41, 51, 52, 28, 35, 50, 29, 52, 53, 33, 33, 38, 30, 37, 54, 34, 55, 36, 35, 54, 56, 54, 37, 36, 57, 58, 53, 59, 36, 39, 38, 39, 60, 43, 61, 40, 50, 42, 41, 61, 40, 61, 43, 42, 62, 53, 58, 48, 43, 47, 46, 45, 63, 60, 60, 64, 45, 65, 66, 62, 46, 64, 67, 60, 47, 48, 68, 53, 65, 68, 48, 69, 67, 55, 57, 55, 49, 52, 51, 50, 61, 62, 56, 65, 52, 70, 70, 71, 54, 57, 55, 72, 70, 56, 62, 73, 58, 73, 74, 56, 71, 72, 72, 57, 59, 59, 69, 58, 75, 69, 59, 68, 76, 63, 77, 63, 64, 77, 63, 78, 66, 67, 64, 67, 79, 66, 65, 74, 80, 74, 73, 66, 81, 79, 80, 82, 68, 82, 82, 79, 69, 71, 81, 70, 83, 81, 71, 81, 78, 75, 76, 83, 72, 83, 83, 75, 73, 78, 78, 77, 74, 76, 75, 76, 82, 80, 79, 80, 77]
 
(84, 253) = [0, 1, 2, 3, 2, 4, 0, 5, 1, 0, 6, 7, 8, 8, 9, 0, 6, 10, 1, 11, 12, 12, 13, 1, 4, 2, 10, 14, 9, 15, 8, 2, 3, 7, 3, 8, 7, 3, 16, 12, 10, 6, 4, 17, 18, 19, 20, 4, 5, 21, 5, 9, 21, 5, 22, 19, 23, 24, 25, 6, 16, 16, 7, 25, 15, 9, 15, 26, 27, 28, 29, 10, 11, 30, 31, 23, 31, 32, 11, 13, 30, 11, 33, 28, 13, 34, 12, 35, 34, 13, 34, 36, 14, 37, 38, 18, 38, 39, 14, 29, 37, 14, 40, 15, 41, 42, 35, 16, 17, 43, 44, 27, 44, 29, 17, 20, 43, 17, 28, 24, 20, 45, 18, 46, 19, 18, 47, 48, 47, 49, 19, 50, 45, 20, 49, 39, 22, 22, 21, 47, 48, 26, 48, 21, 50, 51, 50, 22, 25, 52, 23, 41, 24, 23, 53, 54, 53, 55, 24, 33, 52, 25, 55, 42, 26, 48, 56, 37, 56, 56, 26, 40, 29, 44, 27, 57, 28, 27, 43, 58, 33, 59, 30, 60, 58, 54, 61, 30, 32, 31, 59, 34, 35, 35, 41, 31, 59, 33, 32, 62, 36, 36, 63, 32, 63, 64, 36, 59, 40, 65, 37, 66, 39, 38, 65, 67, 57, 61, 46, 38, 65, 40, 39, 68, 42, 41, 42, 69, 54, 58, 70, 43, 46, 70, 57, 44, 49, 47, 45, 51, 67, 71, 72, 45, 70, 46, 54, 71, 73, 73, 68, 49, 51, 50, 74, 73, 74, 74, 51, 72, 55, 53, 52, 75, 69, 69, 76, 52, 60, 77, 71, 53, 76, 62, 69, 55, 66, 68, 66, 56, 61, 57, 58, 70, 71, 67, 60, 61, 77, 60, 78, 64, 62, 76, 62, 63, 64, 63, 64, 79, 80, 80, 81, 65, 68, 66, 73, 80, 72, 78, 67, 81, 78, 72, 77, 82, 81, 82, 80, 74, 75, 79, 75, 76, 79, 75, 83, 77, 83, 83, 79, 78, 82, 81, 82, 83]
 
(84, 254) = [0, 1, 2, 3, 2, 4, 0, 5, 1, 0, 6, 7, 8, 8, 9, 0, 6, 10, 1, 11, 12, 12, 13, 1, 4, 2, 10, 14, 9, 15, 8, 2, 3, 7, 3, 8, 7, 3, 16, 12, 10, 6, 4, 17, 18, 19, 20, 4, 5, 21, 5, 9, 21, 5, 22, 19, 23, 24, 25, 6, 16, 16, 7, 25, 15, 9, 15, 26, 27, 28, 29, 10, 11, 30, 31, 23, 31, 32, 11, 13, 30, 11, 33, 28, 13, 34, 12, 35, 34, 13, 34, 36, 14, 37, 38, 18, 38, 39, 14, 29, 37, 14, 40, 15, 41, 42, 35, 16, 17, 43, 44, 27, 44, 29, 17, 20, 43, 17, 28, 24, 20, 45, 18, 46, 19, 18, 47, 48, 47, 49, 19, 50, 45, 20, 49, 39, 22, 22, 21, 51, 48, 26, 52, 21, 42, 41, 50, 22, 25, 51, 23, 41, 24, 23, 53, 54, 53, 55, 24, 33, 51, 25, 55, 42, 26, 48, 36, 37, 36, 56, 26, 40, 29, 44, 27, 57, 28, 27, 43, 58, 33, 59, 30, 60, 58, 54, 61, 30, 32, 31, 59, 62, 35, 63, 41, 31, 59, 33, 32, 64, 56, 36, 65, 32, 40, 66, 37, 34, 63, 35, 67, 66, 39, 38, 66, 68, 57, 61, 46, 38, 66, 40, 39, 69, 50, 67, 42, 70, 54, 58, 71, 43, 46, 71, 57, 44, 49, 47, 45, 72, 68, 73, 74, 45, 71, 46, 54, 73, 70, 75, 76, 47, 52, 65, 48, 76, 77, 78, 69, 49, 67, 50, 63, 78, 55, 53, 51, 52, 65, 52, 56, 79, 60, 79, 73, 53, 76, 64, 70, 55, 62, 69, 80, 56, 61, 57, 58, 71, 81, 82, 75, 59, 73, 68, 60, 61, 79, 60, 83, 82, 80, 72, 62, 75, 69, 62, 77, 63, 64, 76, 82, 81, 82, 81, 64, 65, 74, 83, 68, 67, 75, 70, 81, 83, 72, 80, 78, 77, 78, 77, 72, 74, 83, 74, 79, 80]
 
(84, 264) = [0, 1, 2, 3, 2, 4, 0, 5, 1, 0, 6, 7, 8, 9, 9, 0, 6, 10, 1, 11, 12, 13, 14, 1, 4, 2, 10, 15, 16, 17, 13, 2, 3, 18, 18, 8, 18, 3, 3, 13, 10, 6, 4, 19, 20, 21, 22, 4, 5, 23, 24, 16, 24, 7, 5, 9, 23, 5, 25, 21, 26, 27, 28, 6, 7, 24, 29, 12, 29, 25, 7, 28, 9, 8, 8, 30, 31, 22, 32, 10, 11, 33, 34, 26, 34, 35, 11, 14, 33, 11, 19, 22, 14, 36, 12, 37, 13, 12, 16, 38, 36, 14, 17, 39, 15, 40, 41, 20, 41, 42, 15, 32, 40, 15, 43, 17, 17, 16, 36, 44, 38, 30, 30, 18, 19, 45, 33, 31, 45, 19, 35, 27, 22, 31, 20, 46, 21, 20, 47, 48, 47, 32, 21, 49, 25, 29, 23, 50, 48, 44, 51, 23, 30, 38, 38, 24, 52, 51, 49, 25, 28, 53, 26, 54, 27, 26, 55, 56, 55, 50, 27, 57, 53, 28, 50, 51, 54, 57, 37, 29, 32, 47, 31, 58, 46, 56, 58, 33, 35, 34, 45, 59, 37, 60, 54, 34, 61, 39, 57, 35, 62, 43, 42, 36, 60, 37, 39, 43, 39, 61, 60, 62, 43, 62, 40, 63, 44, 48, 64, 40, 42, 41, 62, 65, 58, 66, 46, 41, 64, 49, 44, 42, 56, 46, 67, 45, 68, 69, 70, 47, 51, 52, 48, 70, 49, 64, 52, 68, 50, 55, 53, 52, 70, 71, 68, 53, 57, 54, 61, 71, 71, 70, 72, 55, 67, 73, 56, 72, 66, 58, 73, 69, 59, 63, 74, 61, 74, 75, 59, 67, 63, 59, 65, 60, 65, 76, 63, 64, 76, 65, 75, 66, 73, 67, 66, 77, 69, 68, 78, 76, 78, 72, 69, 79, 72, 78, 71, 74, 80, 79, 79, 73, 75, 74, 76, 81, 82, 77, 77, 75, 77, 82, 82, 80, 83, 81, 81, 78, 79, 80, 80, 83, 81, 83, 83, 82]
 
(84, 265) = [0, 1, 2, 3, 2, 4, 0, 5, 1, 0, 6, 7, 8, 9, 9, 0, 6, 10, 1, 11, 12, 13, 14, 1, 4, 2, 10, 15, 16, 17, 13, 2, 3, 18, 18, 8, 18, 3, 3, 13, 10, 6, 4, 19, 20, 21, 22, 4, 5, 23, 24, 16, 24, 7, 5, 9, 23, 5, 25, 21, 26, 27, 28, 6, 7, 24, 29, 12, 29, 25, 7, 28, 9, 8, 8, 30, 31, 22, 32, 10, 11, 33, 34, 26, 34, 35, 11, 14, 33, 11, 19, 22, 14, 36, 12, 37, 13, 12, 16, 38, 36, 14, 17, 39, 15, 40, 41, 20, 41, 42, 15, 32, 40, 15, 43, 17, 17, 16, 36, 44, 38, 30, 30, 18, 19, 45, 33, 31, 45, 19, 35, 27, 22, 31, 20, 46, 21, 20, 47, 48, 47, 32, 21, 49, 25, 29, 23, 50, 48, 44, 51, 23, 30, 38, 38, 24, 52, 52, 49, 25, 28, 50, 26, 53, 27, 26, 54, 55, 54, 56, 27, 57, 50, 28, 56, 52, 53, 53, 37, 29, 32, 47, 31, 58, 46, 55, 58, 33, 35, 34, 45, 59, 37, 60, 53, 34, 61, 39, 57, 35, 43, 62, 40, 36, 60, 37, 60, 62, 39, 61, 39, 43, 44, 48, 44, 40, 42, 41, 62, 63, 58, 64, 46, 41, 62, 43, 42, 65, 66, 49, 66, 42, 55, 46, 67, 45, 68, 69, 70, 47, 51, 51, 48, 70, 49, 66, 52, 68, 56, 54, 50, 51, 71, 70, 72, 54, 67, 73, 55, 72, 70, 71, 68, 56, 57, 57, 61, 71, 64, 58, 73, 69, 59, 65, 74, 61, 74, 75, 59, 67, 65, 59, 63, 60, 63, 76, 65, 66, 76, 63, 75, 64, 73, 67, 64, 77, 69, 68, 78, 76, 78, 72, 69, 79, 72, 78, 71, 74, 80, 79, 79, 73, 75, 74, 76, 81, 82, 77, 77, 75, 77, 82, 82, 80, 83, 81, 81, 78, 79, 80, 80, 83, 81, 83, 83, 82]
 
(84, 268) = [0, 1, 2, 3, 2, 4, 0, 5, 1, 0, 6, 7, 8, 9, 9, 0, 6, 10, 1, 11, 12, 13, 14, 1, 4, 2, 10, 15, 16, 17, 13, 2, 3, 18, 18, 8, 18, 3, 3, 13, 10, 6, 4, 19, 20, 21, 22, 4, 5, 23, 24, 16, 24, 7, 5, 9, 23, 5, 25, 21, 26, 27, 28, 6, 7, 24, 29, 12, 29, 25, 7, 28, 9, 8, 8, 30, 31, 32, 33, 10, 11, 34, 35, 26, 35, 36, 11, 14, 34, 11, 37, 32, 14, 38, 12, 39, 13, 12, 16, 40, 38, 14, 17, 41, 15, 42, 43, 20, 43, 44, 15, 33, 42, 15, 45, 17, 17, 16, 38, 46, 40, 30, 30, 18, 19, 47, 48, 31, 48, 39, 19, 22, 47, 19, 49, 27, 22, 50, 20, 51, 21, 20, 52, 53, 52, 54, 21, 44, 50, 22, 54, 38, 25, 29, 23, 37, 53, 46, 32, 23, 30, 40, 40, 24, 55, 45, 44, 25, 28, 56, 26, 57, 27, 26, 58, 59, 58, 41, 27, 36, 56, 28, 41, 45, 57, 49, 39, 29, 33, 60, 31, 61, 32, 31, 53, 62, 60, 33, 46, 54, 37, 63, 34, 55, 62, 59, 64, 34, 36, 35, 63, 65, 39, 48, 57, 35, 63, 37, 36, 49, 41, 58, 56, 50, 45, 55, 42, 66, 46, 53, 60, 42, 44, 43, 55, 64, 61, 67, 51, 43, 49, 57, 47, 68, 59, 62, 69, 47, 51, 65, 61, 48, 54, 52, 50, 70, 65, 51, 71, 58, 64, 72, 62, 52, 66, 68, 70, 56, 69, 73, 59, 71, 70, 74, 66, 60, 67, 61, 75, 74, 68, 66, 76, 63, 72, 64, 73, 67, 71, 75, 65, 76, 75, 71, 67, 77, 76, 78, 68, 69, 73, 69, 72, 79, 74, 70, 78, 72, 80, 77, 77, 73, 78, 76, 74, 81, 82, 81, 81, 75, 77, 80, 80, 82, 83, 79, 79, 78, 79, 83, 83, 80, 81, 82, 82, 83]
 
(84, 301) = [0, 1, 2, 3, 2, 4, 0, 5, 1, 0, 6, 7, 8, 9, 10, 0, 6, 11, 1, 12, 13, 14, 15, 1, 4, 2, 11, 16, 17, 18, 9, 2, 3, 19, 20, 8, 20, 7, 3, 9, 19, 3, 21, 14, 11, 6, 4, 22, 23, 24, 25, 4, 5, 26, 27, 17, 27, 28, 5, 10, 26, 5, 29, 24, 30, 31, 32, 6, 7, 20, 33, 13, 33, 21, 7, 32, 10, 34, 8, 35, 9, 8, 17, 36, 34, 10, 18, 37, 38, 39, 40, 11, 12, 25, 41, 30, 41, 42, 12, 15, 25, 12, 23, 39, 15, 43, 13, 44, 14, 13, 45, 46, 45, 47, 14, 48, 43, 15, 47, 29, 16, 49, 31, 23, 31, 30, 16, 40, 49, 16, 50, 18, 18, 17, 34, 51, 21, 33, 19, 52, 46, 36, 53, 19, 36, 46, 35, 20, 54, 55, 48, 21, 22, 56, 57, 38, 57, 40, 22, 25, 56, 22, 39, 31, 24, 23, 42, 58, 42, 41, 24, 47, 29, 59, 26, 60, 58, 51, 61, 26, 28, 27, 59, 62, 35, 63, 36, 27, 59, 29, 28, 42, 61, 37, 58, 28, 32, 50, 30, 64, 50, 32, 49, 55, 64, 65, 44, 33, 66, 67, 68, 34, 63, 35, 69, 67, 37, 61, 70, 66, 70, 71, 37, 50, 40, 57, 38, 56, 39, 38, 56, 57, 44, 48, 64, 41, 47, 45, 43, 59, 60, 72, 62, 43, 48, 44, 54, 72, 72, 60, 73, 45, 53, 69, 46, 73, 51, 58, 71, 49, 71, 70, 51, 68, 52, 68, 74, 54, 74, 75, 52, 53, 68, 52, 66, 65, 69, 53, 63, 76, 55, 54, 65, 70, 65, 64, 55, 71, 62, 77, 60, 61, 77, 62, 78, 63, 67, 66, 75, 77, 75, 74, 67, 79, 80, 81, 79, 69, 73, 78, 72, 74, 78, 73, 77, 81, 82, 76, 81, 75, 76, 82, 83, 80, 83, 79, 76, 78, 79, 83, 80, 82, 81, 80, 82, 83]
 
(84, 302) = [0, 1, 2, 3, 2, 4, 0, 5, 1, 0, 6, 7, 8, 9, 10, 0, 6, 11, 1, 12, 13, 14, 15, 1, 4, 2, 11, 16, 17, 18, 9, 2, 3, 19, 20, 8, 20, 7, 3, 9, 19, 3, 21, 14, 11, 6, 4, 22, 23, 24, 25, 4, 5, 26, 27, 17, 27, 28, 5, 10, 26, 5, 29, 24, 30, 31, 32, 6, 7, 20, 33, 13, 33, 21, 7, 32, 10, 34, 8, 35, 9, 8, 17, 36, 34, 10, 18, 37, 38, 39, 40, 11, 12, 25, 41, 30, 41, 42, 12, 15, 25, 12, 23, 39, 15, 43, 13, 44, 14, 13, 45, 46, 45, 47, 14, 48, 43, 15, 47, 29, 16, 49, 50, 23, 50, 51, 16, 40, 49, 16, 52, 18, 18, 17, 34, 53, 21, 33, 19, 54, 46, 36, 55, 19, 36, 46, 35, 20, 56, 57, 48, 21, 22, 58, 59, 38, 59, 60, 22, 25, 58, 22, 61, 31, 24, 23, 42, 62, 42, 41, 24, 47, 29, 63, 26, 64, 62, 53, 65, 26, 28, 27, 63, 66, 35, 67, 36, 27, 63, 29, 28, 42, 65, 37, 62, 28, 32, 68, 30, 69, 31, 30, 70, 60, 70, 71, 31, 72, 68, 32, 71, 57, 69, 73, 44, 33, 71, 70, 68, 34, 67, 35, 74, 70, 37, 65, 75, 71, 75, 76, 37, 52, 40, 77, 38, 78, 39, 38, 78, 59, 78, 79, 39, 50, 77, 40, 79, 80, 44, 48, 69, 41, 47, 45, 43, 63, 64, 81, 66, 43, 48, 44, 56, 81, 81, 64, 82, 45, 55, 74, 46, 82, 52, 54, 49, 73, 53, 62, 76, 49, 51, 50, 54, 55, 54, 52, 51, 56, 82, 80, 81, 51, 76, 75, 53, 68, 74, 55, 67, 79, 57, 56, 73, 76, 73, 69, 57, 75, 61, 83, 58, 77, 60, 59, 83, 58, 83, 61, 60, 74, 80, 82, 72, 61, 66, 72, 64, 65, 72, 66, 80, 67, 79, 78, 77, 83]
 
(84, 306) = [0, 1, 2, 3, 2, 4, 0, 5, 1, 0, 6, 7, 8, 9, 10, 0, 6, 11, 1, 12, 13, 14, 15, 1, 4, 2, 11, 16, 17, 18, 9, 2, 3, 19, 20, 8, 20, 7, 3, 9, 19, 3, 21, 14, 11, 6, 4, 22, 23, 24, 25, 4, 5, 26, 27, 17, 27, 28, 5, 10, 26, 5, 29, 24, 30, 31, 32, 6, 7, 20, 33, 13, 33, 21, 7, 32, 10, 34, 8, 35, 9, 8, 17, 36, 34, 10, 18, 37, 38, 39, 40, 11, 12, 41, 42, 30, 42, 43, 12, 15, 41, 12, 44, 39, 15, 45, 13, 46, 14, 13, 47, 48, 47, 49, 14, 50, 45, 15, 49, 51, 16, 52, 53, 23, 53, 54, 16, 40, 52, 16, 55, 18, 18, 17, 34, 56, 21, 33, 19, 57, 48, 36, 58, 19, 36, 48, 35, 20, 59, 60, 50, 21, 22, 61, 62, 38, 62, 40, 22, 25, 61, 22, 39, 31, 25, 63, 23, 64, 24, 23, 65, 66, 65, 67, 24, 45, 63, 25, 67, 54, 29, 51, 26, 43, 66, 56, 68, 26, 28, 27, 51, 69, 35, 70, 36, 27, 51, 29, 28, 65, 68, 37, 66, 28, 49, 47, 45, 29, 32, 71, 30, 72, 31, 30, 73, 74, 73, 75, 31, 44, 71, 32, 75, 60, 72, 76, 46, 33, 75, 73, 71, 34, 70, 35, 77, 73, 37, 68, 78, 75, 78, 79, 37, 55, 40, 62, 38, 80, 39, 38, 61, 81, 44, 69, 41, 70, 81, 74, 82, 41, 43, 42, 69, 49, 46, 50, 72, 42, 69, 44, 43, 68, 50, 46, 59, 67, 67, 65, 63, 47, 58, 77, 48, 63, 55, 57, 52, 76, 56, 66, 79, 52, 54, 53, 57, 58, 80, 82, 64, 53, 57, 55, 54, 59, 79, 78, 56, 71, 77, 58, 70, 82, 60, 59, 76, 79, 76, 72, 60, 78, 74, 81, 83, 61, 64, 83, 80, 62, 83, 64, 74, 77, 82, 80, 81, 83]
 
(84, 350) = [1, 1, 2, 3, 0, 4, 0, 4, 4, 0, 5, 6, 6, 7, 8, 0, 2, 9, 1, 1, 9, 2, 9, 10, 3, 11, 12, 2, 12, 13, 3, 12, 11, 3, 14, 9, 5, 5, 4, 8, 15, 16, 15, 5, 8, 17, 6, 15, 7, 6, 18, 7, 18, 19, 7, 20, 17, 8, 19, 16, 10, 10, 21, 11, 21, 22, 10, 14, 14, 23, 11, 24, 13, 12, 23, 25, 23, 14, 13, 26, 27, 25, 28, 13, 16, 15, 29, 30, 29, 29, 16, 31, 19, 18, 17, 32, 30, 30, 33, 17, 34, 35, 20, 18, 36, 37, 31, 19, 20, 38, 34, 34, 38, 20, 39, 37, 22, 21, 22, 40, 24, 41, 24, 21, 42, 26, 43, 22, 44, 45, 46, 23, 41, 24, 47, 45, 25, 27, 48, 27, 48, 49, 25, 46, 26, 42, 50, 44, 50, 51, 26, 28, 28, 52, 27, 52, 52, 28, 49, 50, 53, 54, 55, 29, 33, 56, 30, 55, 31, 57, 36, 53, 57, 31, 58, 54, 32, 59, 60, 36, 60, 61, 32, 33, 59, 32, 62, 35, 56, 33, 56, 63, 35, 34, 64, 64, 64, 39, 35, 59, 37, 36, 65, 39, 65, 58, 37, 65, 39, 64, 38, 38, 40, 66, 67, 42, 67, 67, 40, 43, 66, 40, 66, 41, 47, 47, 41, 68, 43, 69, 42, 70, 69, 43, 51, 71, 46, 72, 44, 49, 45, 44, 68, 66, 68, 73, 45, 74, 72, 46, 73, 72, 74, 75, 74, 47, 49, 48, 52, 48, 51, 50, 69, 51, 55, 55, 53, 60, 54, 53, 54, 76, 61, 60, 77, 56, 58, 65, 57, 78, 76, 76, 79, 57, 79, 78, 76, 58, 62, 77, 59, 62, 77, 62, 61, 80, 63, 63, 81, 61, 81, 80, 63, 77, 70, 71, 70, 67, 73, 68, 72, 75, 82, 82, 71, 69, 71, 70, 82, 82, 83, 83, 75, 73, 75, 74, 83, 83, 78, 79, 78, 79, 80, 81, 80, 81]
 
(84, 369) = [1, 1, 2, 3, 0, 4, 0, 5, 4, 0, 6, 7, 8, 9, 10, 0, 2, 11, 1, 12, 13, 14, 13, 1, 11, 2, 11, 15, 16, 17, 16, 2, 3, 18, 12, 13, 12, 19, 3, 16, 18, 3, 20, 14, 6, 6, 4, 21, 9, 8, 22, 4, 5, 5, 23, 8, 23, 24, 5, 10, 25, 26, 27, 6, 7, 7, 28, 9, 28, 29, 7, 27, 10, 30, 8, 31, 22, 32, 9, 33, 30, 10, 32, 34, 35, 36, 37, 11, 19, 12, 38, 36, 14, 13, 39, 40, 39, 39, 14, 41, 15, 42, 43, 35, 43, 43, 15, 37, 42, 15, 42, 17, 17, 16, 44, 45, 44, 44, 17, 46, 20, 38, 18, 47, 40, 40, 48, 18, 38, 20, 19, 49, 50, 45, 51, 19, 52, 51, 41, 20, 21, 53, 54, 25, 54, 55, 21, 22, 53, 21, 56, 26, 32, 22, 30, 57, 24, 23, 24, 58, 31, 59, 31, 23, 60, 34, 61, 24, 27, 27, 25, 62, 26, 25, 26, 63, 29, 28, 29, 64, 62, 61, 33, 28, 61, 62, 60, 29, 65, 56, 55, 30, 59, 31, 63, 56, 66, 67, 67, 32, 33, 68, 62, 54, 68, 33, 34, 67, 34, 60, 68, 65, 37, 69, 35, 70, 36, 35, 71, 50, 71, 47, 36, 72, 69, 37, 47, 48, 73, 72, 72, 38, 74, 75, 76, 39, 48, 70, 40, 76, 41, 46, 52, 74, 46, 41, 45, 75, 45, 50, 46, 42, 70, 48, 70, 43, 75, 74, 75, 44, 47, 71, 69, 52, 49, 77, 77, 73, 77, 49, 49, 51, 51, 52, 50, 78, 56, 65, 53, 79, 63, 63, 59, 53, 55, 54, 65, 80, 81, 57, 57, 55, 57, 81, 81, 66, 58, 79, 64, 60, 64, 64, 58, 61, 79, 58, 79, 59, 67, 66, 66, 82, 82, 80, 80, 68, 76, 76, 74, 69, 83, 78, 78, 71, 72, 73, 73, 83, 78, 83, 83, 77, 80, 82, 82, 81]
 
(84, 370) = [1, 1, 2, 3, 0, 4, 0, 5, 4, 0, 6, 7, 8, 9, 10, 0, 2, 11, 1, 12, 13, 14, 13, 1, 11, 2, 11, 15, 16, 17, 16, 2, 3, 18, 12, 13, 12, 19, 3, 16, 18, 3, 20, 14, 6, 6, 4, 21, 9, 8, 22, 4, 5, 5, 23, 8, 23, 24, 5, 10, 25, 26, 27, 6, 7, 7, 28, 9, 28, 29, 7, 27, 10, 30, 8, 31, 22, 32, 9, 33, 30, 10, 32, 34, 35, 36, 37, 11, 19, 12, 38, 36, 14, 13, 39, 40, 39, 39, 14, 41, 15, 42, 43, 35, 43, 43, 15, 37, 42, 15, 42, 17, 17, 16, 44, 45, 44, 44, 17, 46, 20, 38, 18, 47, 40, 40, 48, 18, 38, 20, 19, 49, 50, 45, 51, 19, 52, 53, 41, 20, 21, 54, 55, 25, 55, 56, 21, 22, 54, 21, 57, 26, 32, 22, 30, 58, 24, 23, 24, 59, 31, 60, 31, 23, 57, 34, 54, 24, 27, 27, 25, 61, 26, 25, 26, 62, 29, 28, 29, 63, 61, 64, 33, 28, 64, 61, 65, 29, 66, 65, 67, 30, 60, 31, 63, 65, 68, 69, 70, 32, 33, 67, 61, 55, 67, 33, 66, 69, 34, 57, 56, 66, 56, 55, 34, 70, 37, 41, 35, 71, 36, 35, 53, 50, 53, 52, 36, 72, 41, 37, 52, 73, 74, 75, 72, 38, 73, 71, 76, 39, 48, 77, 40, 76, 45, 50, 46, 42, 71, 73, 71, 43, 77, 48, 77, 44, 46, 78, 45, 77, 78, 46, 47, 48, 47, 51, 78, 52, 51, 47, 50, 75, 49, 79, 80, 74, 80, 72, 49, 51, 79, 49, 75, 53, 62, 62, 59, 54, 81, 58, 69, 56, 59, 82, 62, 57, 58, 81, 83, 68, 83, 70, 58, 67, 82, 59, 82, 60, 63, 63, 60, 64, 65, 66, 64, 82, 70, 83, 68, 81, 69, 68, 81, 83, 72, 80, 74, 79, 76, 76, 73, 78, 75, 74, 79, 80]
 
(84, 371) = [1, 1, 2, 3, 0, 4, 0, 5, 4, 0, 6, 7, 8, 9, 10, 0, 2, 11, 1, 12, 13, 14, 13, 1, 11, 2, 11, 15, 16, 17, 16, 2, 3, 18, 12, 13, 12, 19, 3, 16, 18, 3, 20, 14, 6, 6, 4, 21, 9, 8, 22, 4, 5, 5, 23, 8, 23, 24, 5, 10, 25, 26, 27, 6, 7, 7, 28, 9, 28, 29, 7, 27, 10, 30, 8, 31, 22, 32, 9, 33, 30, 10, 32, 34, 35, 36, 37, 11, 19, 12, 38, 36, 14, 13, 39, 40, 39, 39, 14, 41, 15, 42, 43, 35, 43, 44, 15, 37, 42, 15, 45, 17, 17, 16, 46, 47, 46, 46, 17, 48, 20, 38, 18, 49, 40, 40, 50, 18, 38, 20, 19, 51, 52, 47, 53, 19, 54, 53, 41, 20, 21, 48, 55, 25, 55, 56, 21, 22, 48, 21, 57, 26, 32, 22, 30, 58, 24, 23, 24, 59, 31, 60, 31, 23, 61, 34, 62, 24, 27, 63, 25, 64, 26, 25, 65, 46, 65, 66, 26, 67, 63, 27, 66, 68, 29, 28, 29, 43, 64, 62, 33, 28, 37, 68, 35, 29, 69, 57, 56, 30, 60, 31, 67, 57, 70, 71, 71, 32, 33, 72, 64, 55, 72, 33, 34, 71, 34, 61, 72, 69, 36, 35, 73, 52, 73, 49, 36, 74, 68, 37, 49, 50, 75, 74, 74, 38, 66, 65, 63, 39, 50, 76, 40, 63, 41, 77, 54, 66, 77, 41, 47, 65, 45, 59, 42, 60, 47, 52, 77, 42, 44, 43, 59, 62, 59, 45, 44, 61, 76, 50, 76, 44, 57, 69, 48, 45, 49, 73, 68, 54, 51, 78, 78, 75, 78, 51, 51, 53, 53, 54, 52, 79, 56, 55, 69, 80, 81, 58, 58, 56, 58, 81, 81, 70, 67, 67, 60, 77, 62, 64, 61, 76, 71, 70, 70, 82, 82, 80, 80, 72, 83, 79, 79, 73, 74, 75, 75, 83, 79, 83, 83, 78, 80, 82, 82, 81]
 
(84, 378) = [1, 1, 2, 3, 0, 4, 0, 5, 4, 0, 6, 7, 8, 9, 10, 0, 2, 11, 1, 12, 13, 14, 15, 1, 11, 2, 11, 16, 17, 18, 19, 2, 3, 20, 21, 13, 21, 22, 3, 19, 20, 3, 23, 14, 6, 6, 4, 20, 24, 25, 26, 4, 5, 27, 16, 8, 16, 28, 5, 10, 27, 5, 29, 25, 14, 13, 30, 6, 7, 31, 32, 24, 32, 33, 7, 30, 31, 7, 34, 9, 10, 35, 8, 11, 9, 8, 36, 37, 36, 38, 9, 39, 35, 10, 38, 40, 12, 41, 42, 17, 42, 43, 12, 15, 41, 12, 44, 35, 15, 45, 13, 46, 30, 47, 14, 48, 45, 15, 47, 49, 28, 16, 50, 18, 19, 51, 17, 52, 18, 17, 53, 54, 53, 55, 18, 56, 51, 19, 55, 57, 23, 58, 20, 26, 22, 21, 58, 59, 52, 60, 46, 21, 58, 23, 22, 55, 61, 57, 57, 22, 62, 56, 48, 23, 26, 63, 24, 62, 25, 24, 64, 65, 64, 66, 25, 67, 63, 26, 66, 68, 29, 50, 27, 63, 65, 37, 69, 27, 50, 29, 28, 53, 54, 40, 54, 28, 68, 70, 67, 29, 47, 30, 45, 71, 34, 72, 31, 73, 37, 65, 74, 31, 33, 32, 72, 47, 48, 48, 62, 32, 72, 34, 33, 38, 71, 71, 40, 33, 75, 39, 39, 34, 38, 36, 35, 76, 77, 78, 78, 36, 74, 76, 37, 78, 39, 75, 75, 77, 40, 54, 71, 41, 44, 79, 41, 45, 43, 42, 79, 66, 46, 67, 52, 42, 79, 44, 43, 64, 69, 49, 65, 43, 49, 69, 76, 44, 67, 46, 68, 79, 76, 74, 49, 72, 56, 62, 56, 50, 55, 53, 51, 70, 80, 81, 81, 51, 60, 52, 70, 81, 57, 61, 61, 80, 70, 68, 60, 58, 59, 82, 82, 61, 82, 59, 59, 60, 66, 64, 63, 69, 73, 83, 83, 75, 83, 73, 73, 74, 78, 77, 77, 83, 81, 80, 80, 82]
 
(84, 379) = [1, 1, 2, 3, 0, 4, 0, 5, 4, 0, 6, 7, 8, 9, 10, 0, 2, 11, 1, 12, 13, 14, 15, 1, 11, 2, 11, 16, 17, 18, 19, 2, 3, 20, 21, 13, 21, 22, 3, 19, 20, 3, 23, 14, 6, 6, 4, 24, 25, 26, 27, 4, 5, 27, 28, 8, 28, 29, 5, 10, 27, 5, 25, 26, 30, 31, 32, 6, 7, 33, 34, 25, 34, 35, 7, 32, 33, 7, 36, 9, 10, 37, 8, 38, 9, 8, 39, 40, 39, 41, 9, 42, 37, 10, 41, 43, 44, 45, 46, 11, 12, 15, 47, 17, 47, 48, 12, 15, 15, 12, 13, 45, 14, 13, 48, 49, 48, 47, 14, 50, 16, 50, 51, 44, 51, 52, 16, 46, 50, 16, 53, 18, 19, 54, 17, 55, 18, 17, 56, 48, 56, 57, 18, 58, 54, 19, 57, 59, 23, 60, 20, 52, 49, 49, 61, 20, 22, 21, 60, 62, 55, 63, 45, 21, 60, 23, 22, 57, 64, 59, 59, 22, 53, 58, 50, 23, 24, 65, 66, 30, 66, 40, 24, 27, 65, 24, 67, 31, 26, 25, 29, 66, 29, 28, 26, 34, 38, 68, 38, 28, 32, 43, 30, 29, 31, 30, 69, 70, 69, 71, 31, 37, 43, 32, 71, 69, 36, 72, 33, 73, 40, 66, 74, 33, 35, 34, 72, 68, 72, 36, 35, 41, 71, 69, 43, 35, 75, 42, 42, 36, 41, 39, 37, 67, 68, 38, 70, 71, 76, 77, 77, 39, 74, 67, 40, 77, 42, 75, 75, 76, 46, 78, 44, 79, 45, 44, 55, 47, 78, 46, 63, 60, 61, 79, 49, 56, 52, 51, 58, 53, 79, 61, 79, 51, 58, 53, 52, 61, 57, 56, 54, 78, 80, 81, 81, 54, 63, 55, 78, 81, 59, 64, 64, 80, 62, 82, 82, 64, 82, 62, 62, 63, 67, 74, 65, 72, 70, 70, 68, 65, 73, 83, 83, 75, 83, 73, 73, 74, 77, 76, 76, 83, 81, 80, 80, 82]
 
(84, 387) = [1, 2, 2, 3, 0, 4, 4, 5, 4, 0, 0, 6, 7, 8, 8, 0, 2, 1, 1, 9, 10, 11, 12, 1, 13, 14, 14, 2, 3, 15, 15, 10, 15, 3, 3, 14, 16, 17, 18, 4, 5, 19, 20, 7, 20, 21, 5, 18, 19, 5, 22, 17, 6, 23, 23, 16, 23, 6, 6, 8, 8, 7, 7, 24, 9, 25, 26, 13, 26, 27, 9, 12, 25, 9, 28, 11, 12, 29, 10, 30, 11, 10, 31, 32, 31, 33, 11, 34, 29, 12, 33, 35, 14, 13, 13, 36, 36, 32, 30, 15, 18, 37, 16, 38, 17, 16, 39, 40, 39, 41, 17, 42, 37, 18, 41, 43, 22, 44, 19, 45, 40, 24, 46, 19, 21, 20, 44, 47, 38, 48, 24, 20, 44, 22, 21, 49, 50, 43, 51, 21, 52, 53, 42, 22, 24, 40, 38, 23, 28, 54, 25, 55, 32, 36, 56, 25, 27, 26, 54, 57, 30, 58, 36, 26, 54, 28, 27, 59, 60, 35, 61, 27, 53, 52, 34, 28, 33, 31, 29, 62, 63, 64, 65, 29, 58, 30, 66, 64, 67, 68, 69, 31, 56, 66, 32, 69, 70, 65, 71, 33, 34, 72, 53, 67, 72, 34, 62, 65, 35, 60, 43, 63, 43, 50, 35, 71, 41, 39, 37, 72, 71, 73, 70, 37, 48, 38, 74, 73, 68, 67, 75, 39, 46, 74, 40, 75, 65, 70, 63, 41, 42, 62, 52, 68, 62, 42, 72, 70, 61, 51, 60, 44, 45, 59, 76, 52, 76, 77, 45, 46, 59, 45, 49, 51, 74, 46, 48, 78, 47, 79, 57, 50, 57, 80, 47, 60, 79, 47, 81, 48, 49, 55, 59, 61, 55, 49, 77, 53, 51, 61, 50, 54, 77, 76, 55, 56, 66, 56, 58, 82, 80, 57, 83, 58, 64, 63, 73, 80, 73, 71, 64, 79, 81, 83, 79, 66, 69, 78, 67, 77, 75, 82, 68, 76, 78, 69, 82, 83, 83, 81, 80, 74, 82, 75, 78, 81]
 
(84, 388) = [1, 2, 2, 3, 0, 4, 4, 5, 4, 0, 0, 6, 7, 8, 8, 0, 2, 1, 1, 9, 10, 11, 12, 1, 13, 14, 14, 2, 3, 15, 15, 10, 15, 3, 3, 14, 16, 17, 18, 4, 5, 19, 20, 7, 20, 21, 5, 18, 19, 5, 22, 17, 6, 23, 23, 16, 23, 6, 6, 8, 8, 7, 7, 24, 9, 25, 26, 13, 26, 27, 9, 12, 25, 9, 28, 11, 12, 29, 10, 30, 11, 10, 31, 32, 31, 33, 11, 34, 29, 12, 33, 35, 14, 13, 13, 36, 36, 32, 30, 15, 18, 37, 16, 38, 17, 16, 39, 40, 39, 41, 17, 42, 37, 18, 41, 43, 22, 44, 19, 45, 40, 24, 46, 19, 21, 20, 44, 47, 38, 48, 24, 20, 44, 22, 21, 49, 50, 43, 51, 21, 52, 53, 42, 22, 24, 40, 38, 23, 28, 54, 25, 55, 32, 36, 56, 25, 27, 26, 54, 57, 30, 58, 36, 26, 54, 28, 27, 59, 60, 35, 61, 27, 62, 63, 34, 28, 33, 31, 29, 64, 65, 66, 67, 29, 58, 30, 68, 66, 69, 70, 71, 31, 56, 68, 32, 71, 72, 73, 74, 33, 34, 75, 62, 69, 75, 34, 76, 73, 35, 60, 77, 65, 77, 78, 35, 74, 41, 39, 37, 75, 78, 77, 79, 37, 48, 38, 80, 77, 70, 69, 81, 39, 46, 80, 40, 81, 73, 72, 82, 41, 42, 64, 52, 70, 64, 42, 83, 72, 43, 50, 66, 78, 66, 65, 43, 82, 61, 79, 60, 44, 45, 76, 63, 52, 63, 62, 45, 46, 76, 45, 75, 79, 80, 46, 48, 83, 47, 74, 57, 50, 57, 82, 47, 60, 74, 47, 72, 48, 49, 71, 59, 61, 59, 81, 49, 51, 71, 49, 69, 53, 51, 67, 50, 54, 67, 51, 65, 80, 53, 52, 55, 56, 55, 83, 53, 62, 83, 55, 64, 67, 68, 56, 58, 76, 82, 57, 73, 58, 81, 59, 70, 63, 79, 61, 78, 68]
 
(84, 391) = [1, 2, 3, 1, 0, 4, 5, 0, 5, 6, 0, 7, 4, 0, 8, 9, 3, 10, 1, 11, 2, 1, 12, 13, 12, 14, 2, 15, 16, 13, 17, 2, 10, 3, 14, 18, 19, 20, 11, 3, 8, 21, 4, 22, 23, 9, 24, 4, 6, 5, 21, 25, 26, 27, 7, 5, 21, 8, 6, 28, 29, 30, 31, 6, 7, 32, 26, 26, 32, 7, 33, 30, 34, 35, 36, 8, 9, 23, 37, 23, 37, 38, 9, 36, 14, 12, 10, 39, 40, 41, 42, 10, 11, 43, 19, 19, 43, 11, 44, 41, 45, 46, 47, 12, 13, 16, 48, 16, 48, 49, 13, 47, 38, 37, 50, 14, 15, 51, 52, 45, 52, 53, 15, 17, 51, 15, 54, 37, 17, 55, 16, 55, 55, 17, 49, 52, 18, 56, 57, 40, 57, 58, 18, 50, 56, 18, 59, 20, 20, 19, 28, 31, 28, 44, 20, 60, 60, 61, 62, 21, 22, 63, 64, 34, 64, 62, 22, 24, 63, 22, 61, 61, 24, 50, 23, 54, 50, 24, 38, 65, 25, 66, 67, 29, 67, 65, 25, 62, 66, 25, 68, 27, 27, 26, 69, 69, 69, 33, 27, 66, 44, 28, 43, 35, 31, 70, 29, 56, 30, 29, 71, 33, 71, 72, 30, 71, 70, 31, 72, 43, 33, 69, 32, 32, 36, 73, 34, 51, 35, 34, 74, 75, 74, 76, 35, 72, 73, 36, 76, 77, 39, 77, 78, 38, 78, 42, 39, 42, 77, 39, 41, 46, 42, 78, 40, 79, 41, 40, 77, 70, 75, 80, 46, 44, 47, 81, 45, 49, 46, 45, 75, 73, 81, 47, 80, 81, 49, 48, 55, 48, 54, 82, 51, 64, 53, 52, 82, 53, 82, 54, 53, 58, 59, 83, 56, 67, 58, 57, 83, 83, 65, 67, 79, 57, 83, 59, 58, 82, 62, 64, 60, 59, 61, 60, 63, 80, 80, 75, 81, 63, 79, 68, 65, 78, 68, 79, 66, 68, 72, 71, 70, 76, 76, 74, 73, 74]
 
(84, 393) = [1, 2, 3, 4, 0, 4, 5, 6, 5, 7, 0, 8, 4, 0, 9, 10, 3, 11, 1, 0, 2, 1, 12, 13, 10, 14, 8, 1, 12, 15, 2, 16, 17, 6, 18, 2, 11, 3, 15, 19, 6, 17, 20, 3, 9, 21, 4, 20, 7, 5, 21, 22, 23, 24, 25, 5, 20, 26, 6, 25, 21, 9, 7, 27, 28, 29, 30, 7, 8, 31, 10, 23, 31, 8, 32, 29, 25, 33, 23, 9, 14, 10, 34, 11, 15, 12, 11, 35, 36, 37, 38, 12, 13, 19, 39, 17, 39, 40, 13, 38, 19, 13, 41, 14, 34, 32, 14, 42, 43, 44, 45, 15, 16, 46, 47, 36, 47, 48, 16, 18, 46, 16, 49, 44, 18, 50, 17, 51, 50, 18, 26, 52, 41, 53, 19, 45, 26, 20, 50, 54, 49, 54, 46, 21, 22, 55, 56, 28, 56, 57, 22, 46, 55, 22, 58, 24, 24, 23, 59, 60, 59, 61, 24, 62, 33, 25, 61, 63, 64, 63, 65, 26, 27, 58, 57, 49, 57, 56, 27, 30, 58, 27, 55, 33, 30, 35, 28, 37, 29, 28, 66, 67, 66, 68, 29, 69, 35, 30, 68, 43, 32, 34, 31, 70, 67, 60, 71, 31, 72, 73, 69, 32, 61, 59, 33, 74, 68, 66, 35, 34, 38, 45, 36, 75, 37, 36, 44, 57, 44, 43, 37, 56, 45, 38, 43, 76, 40, 39, 53, 61, 75, 62, 51, 39, 53, 41, 40, 59, 74, 76, 60, 40, 76, 74, 42, 41, 42, 71, 76, 68, 71, 42, 67, 73, 48, 47, 54, 77, 51, 65, 75, 47, 54, 49, 48, 64, 78, 52, 79, 48, 80, 79, 77, 50, 65, 51, 64, 79, 52, 78, 81, 80, 81, 77, 52, 65, 62, 75, 63, 53, 60, 67, 74, 55, 63, 64, 62, 58, 82, 70, 73, 66, 69, 83, 72, 82, 83, 69, 70, 71, 70, 82, 83, 72, 73, 72, 82, 83, 77, 81, 80, 78, 79, 80, 78, 81]
 
