(32, 3) = [0, 1, 2, 3, 2, 4, 0, 2, 1, 0, 5, 1, 6, 3, 3, 0, 5, 7, 1, 8, 4, 2, 7, 9, 3, 6, 6, 6, 7, 5, 4, 10, 11, 9, 12, 4, 13, 14, 8, 5, 15, 16, 17, 7, 8, 18, 13, 13, 18, 8, 19, 16, 9, 11, 20, 11, 20, 21, 9, 17, 10, 17, 22, 15, 22, 23, 10, 12, 17, 10, 15, 14, 12, 24, 11, 25, 24, 12, 21, 26, 14, 13, 25, 20, 25, 19, 14, 22, 16, 15, 23, 21, 23, 22, 16, 27, 19, 25, 18, 28, 21, 20, 24, 18, 29, 27, 27, 19, 30, 26, 26, 23, 31, 28, 28, 24, 26, 30, 30, 31, 27, 29, 29, 30, 28, 31, 31, 29]
 
(64, 26) = [0, 1, 2, 3, 2, 4, 0, 2, 1, 0, 5, 1, 6, 3, 3, 0, 5, 7, 1, 8, 4, 2, 7, 9, 3, 6, 6, 6, 7, 5, 4, 10, 11, 9, 12, 4, 13, 14, 8, 5, 15, 16, 17, 7, 8, 18, 13, 13, 18, 8, 19, 16, 9, 11, 20, 11, 20, 21, 9, 17, 10, 22, 23, 15, 23, 24, 10, 12, 22, 10, 25, 14, 12, 26, 11, 27, 26, 12, 21, 28, 14, 13, 29, 30, 29, 19, 14, 31, 17, 32, 15, 33, 16, 15, 34, 35, 34, 31, 16, 36, 32, 17, 31, 25, 19, 29, 18, 37, 35, 30, 38, 18, 39, 36, 36, 19, 21, 20, 26, 40, 33, 41, 27, 20, 42, 25, 24, 21, 25, 42, 22, 43, 30, 35, 44, 22, 24, 23, 42, 45, 27, 46, 33, 23, 47, 28, 28, 24, 48, 49, 49, 26, 46, 27, 40, 49, 28, 47, 47, 48, 50, 38, 51, 29, 44, 51, 30, 51, 31, 34, 32, 50, 43, 52, 53, 32, 41, 33, 54, 52, 55, 56, 56, 34, 38, 50, 35, 56, 36, 39, 39, 55, 37, 57, 57, 39, 57, 37, 37, 38, 40, 54, 46, 42, 54, 40, 41, 41, 53, 58, 43, 44, 52, 43, 59, 54, 51, 44, 50, 53, 45, 60, 60, 47, 60, 45, 45, 46, 49, 48, 48, 60, 59, 61, 52, 59, 58, 53, 61, 58, 56, 55, 55, 57, 61, 59, 58, 62, 63, 62, 62, 61, 62, 63, 63, 63]
 
(64, 28) = [0, 1, 2, 3, 2, 4, 0, 5, 1, 0, 6, 7, 8, 9, 9, 0, 6, 10, 1, 11, 12, 13, 14, 1, 4, 2, 10, 15, 16, 17, 13, 2, 3, 18, 18, 8, 18, 3, 3, 13, 10, 6, 4, 19, 20, 21, 22, 4, 5, 23, 24, 16, 24, 7, 5, 9, 23, 5, 25, 21, 26, 27, 28, 6, 7, 24, 29, 12, 29, 25, 7, 28, 9, 8, 8, 30, 31, 32, 33, 10, 11, 34, 21, 26, 21, 20, 11, 14, 34, 11, 35, 32, 14, 36, 12, 23, 13, 12, 16, 37, 36, 14, 17, 38, 15, 38, 39, 20, 39, 40, 15, 33, 38, 15, 41, 17, 17, 16, 36, 36, 37, 30, 30, 18, 19, 42, 43, 31, 43, 44, 19, 22, 42, 19, 45, 27, 22, 35, 20, 46, 35, 22, 34, 47, 25, 29, 23, 29, 30, 37, 37, 24, 28, 48, 26, 25, 27, 26, 49, 45, 49, 50, 27, 49, 48, 28, 50, 48, 33, 51, 31, 51, 32, 31, 52, 53, 52, 46, 32, 54, 51, 33, 46, 39, 53, 45, 44, 34, 55, 54, 54, 35, 41, 56, 38, 41, 40, 39, 56, 40, 56, 41, 40, 57, 45, 53, 42, 42, 44, 43, 53, 58, 46, 52, 51, 43, 59, 47, 47, 44, 47, 59, 59, 55, 50, 49, 48, 60, 61, 60, 60, 50, 62, 58, 58, 52, 54, 55, 55, 62, 63, 57, 57, 56, 57, 63, 63, 63, 58, 62, 62, 59, 60, 61, 61, 61]
 
(64, 31) = [1, 2, 2, 2, 0, 3, 3, 4, 3, 0, 0, 0, 2, 1, 1, 5, 5, 6, 7, 1, 4, 8, 9, 3, 9, 10, 4, 9, 8, 4, 11, 8, 7, 12, 5, 7, 6, 5, 13, 6, 13, 14, 6, 15, 12, 7, 14, 16, 11, 17, 8, 18, 10, 9, 17, 19, 17, 11, 10, 20, 21, 19, 22, 10, 23, 24, 18, 11, 14, 13, 12, 25, 26, 16, 27, 12, 28, 29, 15, 13, 30, 31, 32, 14, 15, 33, 28, 28, 33, 15, 34, 31, 16, 26, 35, 26, 35, 36, 16, 32, 37, 38, 39, 17, 18, 40, 23, 23, 40, 18, 41, 38, 19, 21, 42, 21, 42, 43, 19, 39, 20, 39, 44, 37, 44, 45, 20, 22, 39, 20, 37, 24, 22, 46, 21, 47, 46, 22, 43, 48, 24, 23, 47, 42, 47, 41, 24, 44, 25, 32, 49, 30, 49, 50, 25, 27, 32, 25, 30, 29, 27, 51, 26, 52, 51, 27, 36, 53, 29, 28, 52, 35, 52, 34, 29, 49, 31, 30, 50, 36, 50, 49, 31, 54, 34, 52, 33, 55, 36, 35, 51, 33, 56, 54, 54, 34, 38, 37, 45, 43, 45, 44, 38, 57, 41, 47, 40, 58, 43, 42, 46, 40, 59, 57, 57, 41, 60, 48, 48, 45, 61, 58, 58, 46, 48, 60, 60, 61, 62, 53, 53, 50, 63, 55, 55, 51, 53, 62, 62, 63, 54, 56, 56, 62, 55, 63, 63, 56, 57, 59, 59, 60, 58, 61, 61, 59]
 
(96, 298) = [0, 1, 2, 3, 2, 4, 0, 2, 1, 0, 5, 1, 6, 3, 3, 0, 5, 7, 1, 8, 4, 2, 7, 9, 3, 6, 6, 6, 7, 5, 4, 10, 11, 9, 12, 4, 13, 14, 8, 5, 15, 16, 17, 7, 8, 18, 13, 13, 18, 8, 19, 16, 9, 11, 20, 11, 20, 21, 9, 17, 10, 22, 23, 15, 23, 24, 10, 12, 22, 10, 25, 14, 12, 26, 11, 27, 26, 12, 21, 28, 14, 13, 29, 30, 29, 19, 14, 31, 17, 32, 15, 33, 16, 15, 34, 35, 34, 36, 16, 37, 32, 17, 36, 38, 19, 29, 18, 39, 35, 30, 40, 18, 41, 42, 37, 19, 21, 20, 26, 43, 33, 44, 27, 20, 45, 38, 46, 21, 25, 47, 22, 48, 30, 35, 49, 22, 24, 23, 47, 50, 27, 51, 33, 23, 47, 25, 24, 52, 53, 28, 54, 24, 55, 56, 31, 25, 57, 58, 58, 26, 51, 27, 43, 58, 28, 53, 59, 57, 59, 60, 28, 46, 61, 40, 62, 29, 49, 62, 30, 62, 31, 46, 55, 61, 46, 31, 45, 42, 36, 34, 32, 63, 64, 65, 66, 32, 44, 33, 67, 65, 68, 54, 60, 34, 40, 61, 35, 60, 69, 70, 71, 36, 37, 72, 41, 68, 72, 37, 50, 70, 38, 45, 56, 64, 56, 55, 38, 71, 39, 73, 73, 41, 73, 39, 39, 40, 42, 41, 74, 59, 74, 50, 42, 51, 43, 67, 51, 45, 67, 43, 44, 44, 75, 76, 70, 47, 48, 77, 78, 55, 78, 79, 48, 49, 77, 48, 80, 76, 62, 49, 61, 78, 50, 74, 72, 53, 52, 81, 82, 75, 82, 63, 52, 54, 81, 52, 83, 56, 54, 68, 53, 84, 58, 57, 57, 74, 60, 59, 68, 73, 63, 82, 85, 69, 85, 83, 63, 66, 66, 86, 64, 83, 65, 64, 87, 67, 87, 88, 65, 87, 86, 66, 88, 86, 71, 89, 69, 81, 70, 69, 75, 90, 89, 71, 76, 77, 90, 84, 84, 72, 76, 75, 89, 89, 80, 91, 77, 80, 79, 78, 91, 79, 91, 80, 79, 92, 83, 85, 81, 85, 84, 90, 90, 82, 88, 87, 86, 93, 94, 93, 93, 88, 95, 92, 92, 91, 92, 95, 95, 95, 93, 94, 94, 94]
 
(96, 328) = [0, 1, 2, 3, 2, 4, 0, 5, 1, 0, 6, 2, 7, 8, 9, 0, 6, 10, 1, 11, 5, 12, 13, 1, 4, 2, 10, 8, 3, 14, 15, 7, 15, 16, 3, 6, 14, 3, 17, 12, 10, 6, 4, 18, 19, 20, 21, 4, 13, 22, 5, 9, 12, 5, 23, 20, 9, 24, 7, 25, 8, 7, 26, 19, 26, 27, 8, 28, 24, 9, 27, 29, 30, 31, 28, 10, 11, 32, 25, 15, 25, 33, 11, 13, 32, 11, 34, 31, 23, 35, 12, 36, 22, 13, 35, 37, 17, 38, 14, 39, 20, 19, 40, 14, 16, 15, 38, 41, 38, 17, 16, 42, 43, 18, 44, 16, 45, 46, 36, 17, 18, 43, 47, 30, 47, 48, 18, 21, 21, 49, 19, 50, 40, 51, 20, 52, 49, 21, 51, 53, 35, 23, 22, 54, 55, 29, 56, 22, 57, 56, 52, 23, 27, 26, 24, 49, 58, 59, 60, 24, 33, 25, 61, 59, 62, 50, 50, 26, 53, 63, 64, 27, 28, 65, 30, 62, 65, 28, 66, 63, 29, 55, 67, 58, 67, 52, 29, 64, 31, 30, 68, 69, 68, 66, 31, 70, 34, 61, 32, 38, 69, 41, 41, 32, 61, 34, 33, 71, 72, 37, 46, 33, 42, 73, 70, 34, 74, 75, 75, 35, 36, 76, 45, 57, 76, 36, 37, 75, 37, 72, 76, 55, 39, 77, 78, 45, 78, 79, 39, 40, 77, 39, 80, 61, 51, 40, 49, 60, 41, 69, 69, 43, 70, 81, 42, 44, 73, 42, 71, 46, 44, 82, 43, 68, 82, 44, 48, 83, 46, 45, 72, 84, 48, 47, 82, 65, 50, 62, 62, 47, 63, 53, 85, 48, 86, 64, 87, 51, 52, 67, 57, 78, 64, 86, 53, 87, 54, 88, 88, 74, 88, 54, 54, 56, 56, 57, 55, 89, 60, 90, 58, 86, 59, 58, 91, 72, 91, 92, 59, 80, 90, 60, 92, 79, 85, 87, 63, 90, 66, 68, 65, 93, 92, 91, 90, 66, 87, 85, 86, 67, 81, 70, 84, 91, 71, 84, 73, 77, 84, 71, 81, 73, 75, 74, 74, 94, 94, 89, 89, 76, 80, 83, 77, 81, 79, 78, 83, 85, 83, 80, 79, 95, 95, 93, 93, 82, 89, 94, 94, 88, 93, 95, 95, 92]
 
(96, 329) = [0, 1, 2, 3, 2, 4, 0, 5, 1, 0, 6, 2, 7, 8, 9, 0, 6, 10, 1, 11, 5, 12, 13, 1, 4, 2, 10, 8, 3, 14, 15, 7, 15, 16, 3, 6, 14, 3, 17, 12, 10, 6, 4, 18, 19, 20, 21, 4, 13, 22, 5, 9, 12, 5, 23, 20, 9, 24, 7, 25, 8, 7, 26, 19, 26, 27, 8, 28, 24, 9, 27, 29, 30, 31, 28, 10, 11, 32, 25, 15, 25, 33, 11, 13, 32, 11, 34, 31, 23, 35, 12, 36, 22, 13, 35, 37, 17, 38, 14, 39, 20, 19, 40, 14, 16, 15, 38, 41, 38, 17, 16, 42, 43, 18, 44, 16, 45, 46, 36, 17, 18, 43, 47, 30, 47, 48, 18, 21, 21, 49, 19, 50, 40, 51, 20, 52, 49, 21, 51, 53, 35, 23, 22, 54, 55, 29, 56, 22, 57, 56, 52, 23, 27, 26, 24, 58, 59, 60, 61, 24, 33, 25, 62, 60, 63, 64, 50, 26, 65, 66, 67, 27, 28, 68, 30, 63, 68, 28, 69, 66, 29, 55, 70, 59, 70, 52, 29, 67, 31, 30, 71, 72, 71, 69, 31, 73, 34, 62, 32, 74, 72, 41, 64, 32, 62, 34, 33, 75, 76, 37, 46, 33, 77, 78, 73, 34, 79, 80, 80, 35, 36, 81, 45, 57, 81, 36, 37, 80, 37, 76, 81, 55, 82, 61, 83, 38, 39, 84, 85, 45, 85, 74, 39, 40, 84, 39, 58, 61, 51, 40, 49, 62, 41, 72, 86, 43, 86, 50, 41, 83, 42, 87, 66, 82, 66, 65, 42, 44, 87, 42, 75, 46, 44, 88, 43, 68, 88, 44, 48, 89, 46, 45, 76, 90, 48, 47, 88, 71, 50, 86, 63, 47, 73, 53, 77, 48, 91, 83, 60, 49, 75, 67, 87, 51, 52, 70, 57, 85, 53, 73, 90, 91, 90, 92, 53, 87, 54, 93, 93, 79, 93, 54, 54, 56, 56, 57, 55, 94, 58, 89, 84, 65, 89, 58, 74, 64, 61, 82, 59, 92, 60, 59, 91, 76, 64, 63, 72, 88, 67, 75, 65, 78, 69, 71, 68, 86, 83, 91, 82, 69, 78, 77, 92, 70, 74, 85, 89, 77, 92, 90, 78, 84, 80, 79, 79, 95, 95, 94, 94, 81, 94, 95, 95, 93]
 
(96, 330) = [0, 1, 2, 3, 2, 4, 0, 5, 1, 0, 6, 2, 7, 8, 9, 0, 6, 10, 1, 11, 5, 12, 13, 1, 4, 2, 10, 8, 3, 14, 15, 7, 15, 16, 3, 6, 14, 3, 17, 12, 10, 6, 4, 18, 19, 20, 21, 4, 13, 22, 5, 9, 12, 5, 23, 20, 9, 24, 7, 25, 8, 7, 26, 19, 26, 27, 8, 28, 24, 9, 27, 29, 30, 31, 28, 10, 11, 32, 25, 15, 25, 33, 11, 13, 32, 11, 34, 31, 23, 35, 12, 36, 22, 13, 35, 37, 17, 38, 14, 39, 20, 19, 40, 14, 16, 15, 38, 41, 38, 17, 16, 42, 43, 18, 44, 16, 45, 46, 36, 17, 18, 43, 47, 30, 47, 48, 18, 21, 21, 49, 19, 50, 40, 51, 20, 52, 49, 21, 51, 53, 35, 23, 22, 54, 55, 29, 56, 22, 57, 58, 52, 23, 27, 26, 24, 49, 59, 60, 61, 24, 33, 25, 62, 60, 63, 50, 50, 26, 53, 64, 65, 27, 28, 66, 30, 63, 66, 28, 67, 64, 29, 55, 46, 59, 46, 45, 29, 65, 31, 30, 68, 69, 68, 67, 31, 70, 34, 62, 32, 38, 69, 41, 41, 32, 62, 34, 33, 71, 72, 37, 73, 33, 42, 74, 70, 34, 75, 76, 77, 35, 36, 56, 45, 57, 56, 36, 55, 76, 37, 72, 58, 55, 58, 57, 37, 77, 39, 78, 79, 45, 79, 80, 39, 40, 78, 39, 81, 62, 51, 40, 49, 61, 41, 69, 69, 43, 70, 82, 42, 44, 74, 42, 83, 46, 44, 84, 43, 68, 84, 44, 48, 85, 48, 47, 84, 66, 50, 63, 63, 47, 64, 53, 86, 48, 83, 87, 74, 51, 52, 73, 57, 79, 73, 52, 72, 87, 65, 71, 53, 74, 54, 88, 89, 75, 89, 77, 54, 56, 88, 54, 76, 58, 61, 90, 59, 83, 60, 59, 91, 72, 91, 92, 60, 81, 90, 61, 92, 80, 86, 93, 64, 90, 71, 65, 93, 78, 67, 68, 66, 94, 92, 91, 90, 67, 82, 70, 87, 91, 93, 86, 71, 73, 77, 89, 75, 88, 76, 75, 88, 89, 81, 85, 78, 82, 80, 79, 85, 86, 85, 81, 80, 95, 87, 83, 82, 93, 95, 94, 94, 84, 94, 95, 95, 92]
 
(96, 334) = [0, 1, 2, 3, 2, 4, 0, 5, 1, 0, 6, 2, 7, 8, 9, 0, 6, 10, 1, 11, 5, 12, 13, 1, 4, 2, 10, 8, 3, 14, 15, 7, 15, 16, 3, 6, 14, 3, 17, 12, 10, 6, 4, 18, 19, 20, 21, 4, 13, 22, 5, 9, 12, 5, 23, 20, 9, 24, 7, 25, 8, 7, 26, 19, 26, 27, 8, 28, 24, 9, 27, 29, 30, 31, 28, 10, 11, 32, 25, 15, 25, 33, 11, 13, 32, 11, 34, 31, 23, 35, 12, 36, 22, 13, 35, 37, 17, 38, 14, 39, 20, 19, 40, 14, 16, 15, 38, 41, 38, 17, 16, 42, 43, 18, 44, 16, 45, 46, 36, 17, 18, 43, 47, 30, 47, 48, 18, 21, 21, 49, 19, 50, 40, 51, 20, 52, 49, 21, 51, 53, 35, 23, 22, 54, 55, 29, 56, 22, 57, 58, 52, 23, 27, 26, 24, 59, 60, 61, 62, 24, 33, 25, 63, 61, 64, 65, 50, 26, 66, 67, 68, 27, 28, 69, 30, 64, 69, 28, 70, 67, 29, 55, 46, 60, 46, 45, 29, 68, 31, 30, 71, 72, 71, 70, 31, 73, 34, 63, 32, 74, 72, 41, 65, 32, 63, 34, 33, 75, 76, 37, 77, 33, 78, 79, 73, 34, 80, 81, 82, 35, 36, 56, 45, 57, 56, 36, 55, 81, 37, 76, 58, 55, 58, 57, 37, 82, 83, 62, 84, 38, 39, 85, 86, 45, 86, 74, 39, 40, 85, 39, 59, 62, 51, 40, 49, 63, 41, 72, 87, 43, 87, 50, 41, 84, 42, 88, 67, 83, 67, 66, 42, 44, 88, 42, 89, 46, 44, 90, 43, 69, 90, 44, 48, 91, 48, 47, 90, 71, 50, 87, 64, 47, 73, 53, 78, 48, 92, 84, 61, 49, 75, 93, 79, 51, 52, 77, 57, 86, 77, 52, 76, 93, 53, 73, 93, 92, 93, 75, 53, 79, 54, 94, 95, 80, 95, 82, 54, 56, 94, 54, 81, 58, 59, 91, 85, 66, 91, 59, 74, 65, 62, 83, 60, 89, 61, 60, 92, 76, 65, 64, 72, 90, 68, 89, 66, 88, 89, 68, 88, 85, 70, 71, 69, 87, 84, 92, 83, 70, 74, 86, 91, 78, 79, 78, 75, 77, 82, 95, 80, 94, 81, 80, 94, 95]
 
(96, 349) = [0, 1, 2, 3, 2, 4, 0, 5, 1, 0, 6, 7, 8, 9, 9, 0, 6, 10, 1, 11, 12, 13, 14, 1, 4, 2, 10, 15, 16, 17, 13, 2, 3, 18, 18, 8, 18, 3, 3, 13, 10, 6, 4, 19, 20, 21, 22, 4, 5, 23, 24, 16, 24, 7, 5, 9, 23, 5, 25, 21, 26, 27, 28, 6, 7, 24, 29, 12, 29, 25, 7, 28, 9, 8, 8, 30, 31, 32, 33, 10, 11, 34, 35, 26, 35, 36, 11, 14, 34, 11, 37, 32, 14, 38, 12, 39, 13, 12, 16, 40, 38, 14, 17, 41, 15, 42, 43, 20, 43, 44, 15, 33, 42, 15, 45, 17, 17, 16, 38, 46, 40, 30, 30, 18, 19, 47, 48, 31, 48, 49, 19, 22, 47, 19, 50, 27, 22, 51, 20, 52, 21, 20, 53, 54, 53, 55, 21, 47, 51, 22, 55, 56, 25, 29, 23, 57, 54, 46, 58, 23, 30, 40, 40, 24, 50, 59, 47, 25, 28, 60, 26, 61, 27, 26, 62, 53, 62, 63, 27, 64, 60, 28, 63, 59, 61, 65, 39, 29, 33, 41, 31, 36, 32, 31, 66, 55, 66, 67, 32, 68, 41, 33, 67, 69, 37, 52, 34, 70, 55, 53, 51, 34, 36, 35, 52, 43, 39, 71, 61, 35, 52, 37, 36, 48, 72, 73, 68, 37, 69, 74, 75, 38, 71, 39, 76, 74, 67, 66, 41, 45, 45, 77, 42, 78, 46, 54, 79, 42, 44, 43, 77, 71, 77, 45, 44, 80, 74, 69, 81, 44, 79, 82, 46, 75, 49, 48, 59, 73, 59, 50, 49, 82, 83, 56, 84, 49, 57, 75, 64, 50, 85, 70, 70, 51, 58, 86, 54, 62, 56, 83, 87, 85, 87, 80, 56, 66, 64, 81, 57, 58, 75, 57, 69, 65, 86, 58, 82, 84, 63, 62, 60, 88, 82, 79, 86, 60, 65, 61, 78, 79, 89, 90, 73, 63, 81, 64, 74, 90, 78, 76, 65, 67, 68, 91, 72, 87, 91, 68, 90, 76, 70, 85, 85, 72, 76, 78, 71, 92, 73, 72, 89, 83, 93, 92, 92, 77, 80, 87, 94, 93, 94, 84, 80, 81, 84, 94, 83, 95, 95, 88, 88, 86, 88, 95, 95, 89, 90, 89, 91, 94, 92, 93, 93, 91]
 
(96, 351) = [0, 1, 2, 3, 2, 4, 0, 5, 1, 0, 6, 7, 8, 9, 9, 0, 6, 10, 1, 11, 12, 13, 14, 1, 4, 2, 10, 15, 16, 17, 13, 2, 3, 18, 18, 8, 18, 3, 3, 13, 10, 6, 4, 19, 20, 21, 22, 4, 5, 23, 24, 16, 24, 7, 5, 9, 23, 5, 25, 21, 26, 27, 28, 6, 7, 24, 29, 12, 29, 25, 7, 28, 9, 8, 8, 30, 31, 32, 33, 10, 11, 34, 35, 26, 35, 36, 11, 14, 34, 11, 37, 32, 14, 38, 12, 39, 13, 12, 16, 40, 38, 14, 17, 41, 15, 42, 43, 20, 43, 44, 15, 33, 42, 15, 45, 17, 17, 16, 38, 46, 40, 30, 30, 18, 19, 47, 48, 31, 48, 49, 19, 22, 47, 19, 50, 27, 22, 51, 20, 52, 21, 20, 53, 54, 53, 55, 21, 56, 51, 22, 55, 57, 25, 29, 23, 58, 54, 46, 59, 23, 30, 40, 40, 24, 60, 61, 56, 25, 28, 62, 26, 63, 27, 26, 64, 65, 64, 66, 27, 67, 62, 28, 66, 61, 63, 68, 39, 29, 33, 58, 31, 68, 32, 31, 69, 70, 69, 71, 32, 72, 58, 33, 71, 60, 37, 73, 34, 74, 70, 65, 75, 34, 36, 35, 73, 53, 39, 76, 63, 35, 73, 37, 36, 71, 56, 41, 60, 36, 77, 72, 72, 37, 50, 78, 47, 38, 76, 39, 79, 78, 41, 56, 67, 50, 67, 80, 41, 45, 45, 81, 42, 64, 46, 54, 65, 42, 44, 43, 81, 62, 68, 63, 52, 43, 81, 45, 44, 82, 61, 60, 80, 44, 65, 70, 46, 47, 49, 48, 78, 83, 52, 79, 68, 48, 78, 50, 49, 55, 84, 57, 57, 49, 55, 53, 51, 76, 85, 86, 86, 51, 79, 52, 76, 86, 59, 75, 54, 73, 57, 84, 84, 85, 71, 69, 58, 59, 75, 59, 70, 87, 80, 67, 61, 88, 66, 64, 62, 89, 90, 88, 88, 66, 91, 87, 87, 69, 72, 77, 77, 91, 74, 92, 92, 77, 92, 74, 74, 75, 93, 83, 83, 79, 94, 82, 82, 80, 95, 89, 89, 81, 82, 94, 94, 95, 83, 93, 93, 84, 86, 85, 85, 93, 87, 91, 91, 92, 88, 90, 90, 94, 89, 95, 95, 90]
 
