(32, 2) = [0, 1, 2, 3, 2, 4, 0, 1, 1, 0, 5, 6, 7, 8, 9, 0, 5, 10, 1, 9, 4, 2, 10, 11, 6, 12, 13, 2, 3, 14, 15, 7, 15, 16, 3, 13, 14, 3, 17, 4, 10, 5, 4, 18, 19, 17, 16, 5, 13, 20, 6, 16, 12, 6, 21, 8, 9, 22, 7, 19, 8, 7, 23, 23, 23, 11, 8, 12, 22, 9, 11, 24, 25, 24, 24, 10, 11, 23, 22, 14, 21, 26, 12, 21, 20, 13, 26, 20, 17, 19, 14, 27, 16, 15, 19, 15, 28, 18, 18, 17, 18, 28, 28, 25, 26, 21, 20, 29, 30, 27, 27, 22, 24, 25, 25, 30, 31, 29, 29, 26, 27, 30, 30, 28, 29, 31, 31, 31]
 
(64, 25) = [0, 1, 2, 3, 2, 4, 0, 2, 1, 0, 5, 1, 6, 3, 3, 0, 5, 7, 1, 8, 4, 2, 7, 9, 3, 6, 6, 6, 7, 5, 4, 10, 11, 9, 12, 4, 13, 14, 8, 5, 15, 16, 17, 7, 8, 18, 13, 13, 18, 8, 19, 16, 9, 11, 20, 11, 20, 21, 9, 17, 10, 22, 23, 15, 23, 24, 10, 12, 22, 10, 25, 14, 12, 26, 11, 27, 26, 12, 21, 28, 14, 13, 29, 30, 29, 19, 14, 31, 17, 32, 15, 33, 16, 15, 34, 35, 34, 28, 16, 24, 32, 17, 28, 36, 19, 29, 18, 37, 35, 30, 38, 18, 39, 25, 24, 19, 21, 20, 26, 40, 33, 41, 27, 20, 42, 36, 36, 21, 25, 39, 22, 43, 30, 35, 44, 22, 24, 23, 39, 45, 27, 46, 33, 23, 47, 31, 31, 25, 48, 49, 41, 26, 46, 27, 49, 49, 28, 34, 32, 48, 50, 51, 51, 29, 44, 37, 30, 51, 31, 47, 47, 50, 52, 53, 53, 32, 41, 33, 48, 53, 45, 54, 55, 34, 38, 56, 35, 55, 36, 42, 42, 52, 37, 44, 56, 39, 56, 38, 37, 38, 40, 57, 57, 42, 57, 40, 40, 41, 43, 58, 58, 47, 58, 43, 43, 44, 55, 59, 45, 56, 54, 45, 60, 46, 49, 48, 46, 54, 51, 50, 50, 58, 53, 52, 52, 57, 60, 61, 54, 60, 59, 55, 61, 59, 61, 60, 59, 62, 63, 62, 62, 61, 62, 63, 63, 63]
 
(64, 29) = [0, 1, 2, 3, 2, 4, 0, 5, 1, 0, 6, 7, 8, 9, 9, 0, 6, 10, 1, 11, 12, 13, 14, 1, 4, 2, 10, 15, 16, 17, 13, 2, 3, 18, 18, 8, 18, 3, 3, 13, 10, 6, 4, 19, 20, 21, 22, 4, 5, 23, 24, 16, 24, 7, 5, 9, 23, 5, 25, 21, 26, 27, 28, 6, 7, 24, 29, 12, 29, 25, 7, 28, 9, 8, 8, 30, 31, 32, 33, 10, 11, 34, 35, 26, 35, 36, 11, 14, 34, 11, 37, 32, 14, 38, 12, 38, 13, 12, 16, 39, 38, 14, 17, 35, 15, 28, 40, 20, 40, 41, 15, 33, 28, 15, 26, 17, 17, 16, 38, 29, 39, 30, 30, 18, 19, 42, 43, 31, 43, 44, 19, 22, 42, 19, 45, 27, 22, 46, 20, 44, 21, 20, 47, 25, 47, 48, 21, 47, 46, 22, 48, 46, 25, 29, 23, 23, 30, 39, 39, 24, 27, 26, 41, 49, 41, 40, 27, 50, 33, 51, 31, 52, 32, 31, 53, 53, 53, 49, 32, 34, 51, 33, 49, 54, 37, 55, 34, 37, 36, 35, 55, 36, 55, 37, 36, 56, 52, 45, 44, 40, 57, 54, 54, 41, 45, 52, 42, 58, 49, 53, 51, 42, 44, 43, 52, 43, 59, 50, 50, 45, 48, 47, 46, 60, 61, 60, 60, 48, 50, 59, 59, 57, 62, 58, 58, 51, 54, 57, 57, 62, 63, 56, 56, 55, 56, 63, 63, 63, 58, 62, 62, 59, 60, 61, 61, 61]
 
(64, 32) = [1, 2, 2, 2, 0, 3, 3, 4, 3, 0, 0, 0, 2, 1, 1, 5, 5, 6, 7, 1, 4, 8, 9, 3, 9, 10, 4, 9, 8, 4, 11, 8, 7, 12, 5, 7, 6, 5, 13, 6, 13, 14, 6, 15, 12, 7, 14, 16, 11, 17, 8, 18, 10, 9, 17, 19, 17, 11, 10, 20, 21, 19, 22, 10, 23, 24, 18, 11, 14, 13, 12, 25, 26, 16, 27, 12, 28, 29, 15, 13, 30, 31, 32, 14, 15, 33, 28, 28, 33, 15, 34, 31, 16, 26, 35, 26, 35, 36, 16, 32, 37, 38, 39, 17, 18, 40, 23, 23, 40, 18, 41, 38, 19, 21, 42, 21, 42, 43, 19, 39, 20, 44, 38, 37, 38, 37, 20, 22, 44, 20, 45, 24, 22, 46, 21, 40, 46, 22, 43, 44, 24, 23, 47, 46, 47, 41, 24, 48, 25, 49, 31, 30, 31, 30, 25, 27, 49, 25, 50, 29, 27, 51, 26, 33, 51, 27, 36, 49, 29, 28, 52, 51, 52, 34, 29, 53, 32, 50, 30, 34, 50, 32, 49, 54, 34, 52, 33, 35, 36, 35, 51, 55, 56, 54, 54, 36, 39, 45, 37, 41, 45, 39, 44, 57, 41, 47, 40, 42, 43, 42, 46, 58, 59, 57, 57, 43, 60, 48, 48, 45, 61, 58, 58, 47, 48, 60, 60, 61, 62, 53, 53, 50, 63, 55, 55, 52, 53, 62, 62, 63, 54, 56, 56, 62, 55, 63, 63, 56, 57, 59, 59, 60, 58, 61, 61, 59]
 
(96, 283) = [0, 1, 2, 3, 2, 4, 0, 1, 1, 0, 5, 6, 7, 8, 9, 0, 5, 10, 1, 9, 4, 2, 10, 11, 6, 12, 13, 2, 3, 14, 15, 7, 15, 16, 3, 13, 14, 3, 17, 4, 10, 5, 4, 18, 19, 20, 21, 5, 13, 22, 6, 21, 12, 6, 23, 8, 9, 24, 7, 19, 8, 7, 25, 26, 25, 27, 8, 28, 24, 9, 27, 29, 30, 29, 31, 10, 11, 26, 32, 14, 32, 33, 11, 31, 26, 11, 34, 12, 23, 35, 12, 36, 22, 13, 35, 37, 17, 38, 14, 39, 16, 15, 38, 40, 21, 41, 19, 15, 38, 17, 16, 42, 43, 37, 44, 16, 45, 46, 18, 17, 18, 47, 45, 30, 47, 18, 48, 20, 20, 19, 49, 50, 49, 51, 20, 52, 41, 21, 51, 53, 35, 23, 22, 54, 55, 53, 56, 22, 57, 56, 28, 23, 27, 25, 24, 49, 58, 50, 50, 24, 59, 60, 61, 25, 34, 62, 26, 61, 52, 63, 64, 27, 28, 65, 57, 59, 65, 28, 53, 63, 29, 30, 66, 58, 66, 67, 29, 64, 31, 68, 30, 69, 68, 31, 67, 70, 33, 32, 62, 38, 69, 39, 39, 32, 62, 34, 33, 71, 42, 70, 72, 33, 73, 44, 36, 34, 74, 75, 75, 35, 36, 76, 73, 57, 76, 36, 37, 75, 37, 43, 76, 55, 39, 69, 69, 45, 40, 77, 78, 43, 78, 79, 40, 62, 77, 40, 80, 41, 51, 49, 41, 60, 72, 71, 42, 44, 70, 42, 81, 46, 44, 73, 43, 82, 46, 45, 83, 68, 83, 48, 46, 84, 48, 83, 47, 66, 50, 58, 58, 47, 64, 85, 52, 48, 86, 87, 63, 51, 63, 52, 86, 87, 53, 55, 65, 77, 54, 88, 88, 74, 88, 54, 54, 56, 56, 57, 55, 89, 61, 90, 59, 73, 60, 59, 91, 86, 91, 92, 60, 80, 90, 61, 92, 79, 85, 64, 87, 91, 87, 86, 85, 65, 67, 66, 68, 93, 92, 91, 90, 67, 81, 82, 70, 90, 71, 72, 82, 78, 82, 81, 71, 72, 75, 74, 74, 94, 94, 89, 89, 76, 80, 84, 77, 85, 79, 78, 84, 81, 84, 80, 79, 95, 95, 93, 93, 83, 89, 94, 94, 88, 93, 95, 95, 92]
 
(96, 284) = [0, 1, 2, 3, 2, 4, 0, 1, 1, 0, 5, 6, 7, 8, 9, 0, 5, 10, 1, 9, 4, 2, 10, 11, 6, 12, 13, 2, 3, 14, 15, 7, 15, 16, 3, 13, 14, 3, 17, 4, 10, 5, 4, 18, 19, 20, 21, 5, 13, 22, 6, 21, 12, 6, 23, 8, 9, 24, 7, 19, 8, 7, 25, 26, 25, 27, 8, 28, 24, 9, 27, 29, 30, 29, 31, 10, 11, 26, 32, 14, 32, 33, 11, 31, 26, 11, 34, 12, 23, 35, 12, 36, 22, 13, 35, 37, 17, 38, 14, 39, 16, 15, 38, 40, 21, 41, 19, 15, 38, 17, 16, 42, 43, 37, 44, 16, 45, 46, 18, 17, 18, 47, 45, 30, 47, 18, 48, 20, 20, 19, 49, 50, 49, 51, 20, 52, 41, 21, 51, 53, 35, 23, 22, 54, 55, 53, 56, 22, 57, 56, 28, 23, 27, 25, 24, 58, 59, 50, 60, 24, 61, 62, 63, 25, 34, 64, 26, 63, 65, 66, 67, 27, 28, 68, 57, 61, 68, 28, 53, 66, 29, 30, 69, 59, 69, 70, 29, 67, 31, 71, 30, 72, 71, 31, 70, 73, 33, 32, 64, 74, 72, 60, 39, 32, 64, 34, 33, 75, 76, 73, 77, 33, 78, 44, 36, 34, 79, 80, 80, 35, 36, 81, 78, 57, 81, 36, 37, 80, 37, 43, 81, 55, 82, 83, 62, 38, 39, 84, 72, 45, 84, 39, 50, 83, 40, 85, 86, 43, 86, 58, 40, 62, 85, 40, 74, 41, 51, 49, 41, 64, 42, 67, 87, 82, 87, 75, 42, 44, 67, 42, 65, 46, 44, 78, 43, 88, 46, 45, 89, 69, 89, 48, 46, 90, 48, 89, 47, 71, 50, 59, 84, 47, 73, 76, 52, 48, 91, 63, 83, 49, 75, 87, 66, 51, 52, 88, 73, 91, 88, 52, 92, 87, 53, 55, 68, 85, 54, 93, 93, 79, 93, 54, 54, 56, 56, 57, 55, 94, 58, 86, 90, 65, 90, 74, 58, 60, 60, 72, 59, 89, 63, 91, 61, 78, 62, 61, 82, 92, 66, 65, 75, 77, 77, 92, 76, 68, 70, 69, 71, 84, 83, 82, 91, 70, 74, 90, 85, 76, 92, 77, 88, 86, 80, 79, 79, 95, 95, 94, 94, 81, 94, 95, 95, 93]
 
(96, 286) = [0, 1, 2, 3, 2, 4, 0, 1, 1, 0, 5, 6, 7, 8, 9, 0, 5, 10, 1, 9, 4, 2, 10, 11, 6, 12, 13, 2, 3, 14, 15, 7, 15, 16, 3, 13, 14, 3, 17, 4, 10, 5, 4, 18, 19, 20, 21, 5, 13, 22, 6, 21, 12, 6, 23, 8, 9, 24, 7, 19, 8, 7, 25, 26, 25, 27, 8, 28, 24, 9, 27, 29, 30, 29, 31, 10, 11, 26, 32, 14, 32, 33, 11, 31, 26, 11, 34, 12, 23, 35, 12, 36, 22, 13, 35, 37, 17, 38, 14, 39, 16, 15, 38, 40, 21, 41, 19, 15, 38, 17, 16, 42, 43, 37, 44, 16, 45, 46, 18, 17, 18, 47, 45, 30, 47, 18, 48, 20, 20, 19, 49, 50, 49, 51, 20, 52, 41, 21, 51, 53, 35, 23, 22, 54, 55, 53, 56, 22, 57, 58, 28, 23, 27, 25, 24, 49, 59, 50, 50, 24, 60, 61, 62, 25, 34, 63, 26, 62, 52, 64, 65, 27, 28, 44, 57, 60, 44, 28, 43, 64, 29, 30, 66, 59, 66, 67, 29, 65, 31, 68, 30, 69, 68, 31, 67, 70, 33, 32, 63, 38, 69, 39, 39, 32, 63, 34, 33, 71, 42, 70, 72, 33, 73, 74, 36, 34, 75, 76, 77, 35, 36, 56, 73, 57, 56, 36, 55, 76, 37, 43, 58, 55, 58, 57, 37, 77, 39, 69, 69, 45, 40, 78, 79, 43, 79, 80, 40, 63, 78, 40, 81, 41, 51, 49, 41, 61, 72, 82, 42, 44, 70, 42, 83, 46, 46, 45, 84, 68, 84, 48, 46, 85, 48, 84, 47, 66, 50, 59, 59, 47, 65, 86, 52, 48, 82, 72, 87, 51, 64, 52, 71, 72, 53, 55, 74, 78, 74, 73, 53, 87, 54, 88, 89, 75, 89, 77, 54, 56, 88, 54, 76, 58, 62, 90, 60, 73, 61, 60, 91, 82, 91, 92, 61, 81, 90, 62, 92, 80, 71, 93, 64, 79, 86, 65, 93, 91, 67, 66, 68, 94, 92, 91, 90, 67, 83, 87, 70, 90, 93, 71, 86, 74, 77, 89, 75, 88, 76, 75, 88, 89, 81, 85, 78, 86, 80, 79, 85, 83, 85, 81, 80, 95, 87, 83, 82, 93, 95, 94, 94, 84, 94, 95, 95, 92]
 
(96, 291) = [0, 1, 2, 3, 2, 4, 0, 1, 1, 0, 5, 6, 7, 8, 9, 0, 5, 10, 1, 9, 4, 2, 10, 11, 6, 12, 13, 2, 3, 14, 15, 7, 15, 16, 3, 13, 14, 3, 17, 4, 10, 5, 4, 18, 19, 20, 21, 5, 13, 22, 6, 21, 12, 6, 23, 8, 9, 24, 7, 19, 8, 7, 25, 26, 25, 27, 8, 28, 24, 9, 27, 29, 30, 29, 31, 10, 11, 26, 32, 14, 32, 33, 11, 31, 26, 11, 34, 12, 23, 35, 12, 36, 22, 13, 35, 37, 17, 38, 14, 39, 16, 15, 38, 40, 21, 41, 19, 15, 38, 17, 16, 42, 43, 37, 44, 16, 45, 46, 18, 17, 18, 47, 45, 30, 47, 18, 48, 20, 20, 19, 49, 50, 49, 51, 20, 52, 41, 21, 51, 53, 35, 23, 22, 54, 55, 53, 56, 22, 57, 58, 28, 23, 27, 25, 24, 59, 60, 50, 61, 24, 62, 63, 64, 25, 34, 65, 26, 64, 66, 67, 68, 27, 28, 44, 57, 62, 44, 28, 43, 67, 29, 30, 69, 60, 69, 70, 29, 68, 31, 71, 30, 72, 71, 31, 70, 73, 33, 32, 65, 74, 72, 61, 39, 32, 65, 34, 33, 75, 76, 73, 77, 33, 78, 79, 36, 34, 80, 81, 82, 35, 36, 56, 78, 57, 56, 36, 55, 81, 37, 43, 58, 55, 58, 57, 37, 82, 83, 84, 63, 38, 39, 85, 72, 45, 85, 39, 50, 84, 40, 86, 87, 43, 87, 59, 40, 63, 86, 40, 74, 41, 51, 49, 41, 65, 42, 68, 88, 83, 88, 89, 42, 44, 68, 42, 66, 46, 46, 45, 90, 69, 90, 48, 46, 91, 48, 90, 47, 71, 50, 60, 85, 47, 73, 76, 52, 48, 92, 64, 84, 49, 75, 77, 93, 51, 52, 93, 73, 92, 93, 52, 75, 77, 53, 55, 79, 86, 79, 78, 53, 93, 54, 94, 95, 80, 95, 82, 54, 56, 94, 54, 81, 58, 59, 87, 91, 66, 91, 74, 59, 61, 61, 72, 60, 90, 64, 92, 62, 78, 63, 62, 83, 89, 67, 66, 89, 88, 89, 88, 67, 87, 70, 69, 71, 85, 84, 83, 92, 70, 74, 91, 86, 76, 77, 75, 76, 79, 82, 95, 80, 94, 81, 80, 94, 95]
 
(96, 297) = [0, 1, 2, 3, 2, 4, 0, 2, 1, 0, 5, 1, 6, 3, 3, 0, 5, 7, 1, 8, 4, 2, 7, 9, 3, 6, 6, 6, 7, 5, 4, 10, 11, 9, 12, 4, 13, 14, 8, 5, 15, 16, 17, 7, 8, 18, 13, 13, 18, 8, 19, 16, 9, 11, 20, 11, 20, 21, 9, 17, 10, 22, 23, 15, 23, 24, 10, 12, 22, 10, 25, 14, 12, 26, 11, 27, 26, 12, 21, 28, 14, 13, 29, 30, 29, 19, 14, 31, 17, 32, 15, 33, 16, 15, 34, 35, 34, 36, 16, 37, 32, 17, 36, 38, 19, 29, 18, 39, 35, 30, 40, 18, 41, 42, 37, 19, 21, 20, 26, 43, 33, 44, 27, 20, 45, 38, 46, 21, 25, 47, 22, 48, 30, 35, 49, 22, 24, 23, 47, 50, 27, 51, 33, 23, 47, 25, 24, 52, 53, 28, 54, 24, 55, 56, 31, 25, 57, 58, 44, 26, 51, 27, 58, 58, 28, 53, 42, 57, 42, 41, 28, 46, 59, 60, 60, 29, 49, 39, 30, 60, 31, 61, 55, 59, 61, 31, 62, 42, 36, 34, 32, 63, 64, 62, 56, 32, 44, 33, 57, 62, 65, 66, 67, 34, 40, 68, 35, 67, 69, 70, 71, 36, 37, 54, 41, 65, 54, 37, 53, 70, 38, 45, 72, 64, 72, 48, 38, 71, 39, 49, 68, 41, 68, 40, 39, 40, 43, 73, 73, 45, 73, 43, 43, 44, 46, 74, 45, 61, 74, 46, 48, 49, 75, 71, 76, 47, 48, 72, 74, 55, 50, 77, 78, 53, 78, 79, 50, 76, 77, 50, 80, 51, 58, 57, 51, 77, 52, 81, 82, 75, 82, 83, 52, 54, 81, 52, 63, 56, 56, 55, 64, 84, 60, 59, 59, 74, 62, 64, 61, 73, 63, 85, 81, 69, 85, 63, 83, 66, 67, 86, 65, 68, 66, 65, 87, 83, 87, 88, 66, 87, 86, 67, 88, 86, 71, 75, 69, 89, 70, 69, 90, 82, 90, 76, 70, 78, 89, 84, 84, 72, 76, 90, 75, 90, 80, 91, 77, 80, 79, 78, 91, 79, 91, 80, 79, 92, 84, 89, 89, 81, 83, 82, 85, 85, 88, 87, 86, 93, 94, 93, 93, 88, 95, 92, 92, 91, 92, 95, 95, 95, 93, 94, 94, 94]
 
(96, 350) = [0, 1, 2, 3, 2, 4, 0, 5, 1, 0, 6, 7, 8, 9, 9, 0, 6, 10, 1, 11, 12, 13, 14, 1, 4, 2, 10, 15, 16, 17, 13, 2, 3, 18, 18, 8, 18, 3, 3, 13, 10, 6, 4, 19, 20, 21, 22, 4, 5, 23, 24, 16, 24, 7, 5, 9, 23, 5, 25, 21, 26, 27, 28, 6, 7, 24, 29, 12, 29, 25, 7, 28, 9, 8, 8, 30, 31, 32, 33, 10, 11, 34, 35, 26, 35, 36, 11, 14, 34, 11, 37, 32, 14, 38, 12, 39, 13, 12, 16, 40, 38, 14, 17, 41, 15, 42, 43, 20, 43, 44, 15, 33, 42, 15, 45, 17, 17, 16, 38, 46, 40, 30, 30, 18, 19, 47, 48, 31, 48, 49, 19, 22, 47, 19, 50, 27, 22, 51, 20, 52, 21, 20, 53, 54, 53, 55, 21, 56, 51, 22, 55, 57, 25, 29, 23, 58, 54, 46, 59, 23, 30, 40, 40, 24, 49, 48, 56, 25, 28, 52, 26, 60, 27, 26, 61, 62, 61, 63, 27, 64, 52, 28, 63, 48, 60, 65, 39, 29, 33, 66, 31, 63, 32, 31, 41, 45, 41, 67, 32, 68, 66, 33, 67, 69, 37, 70, 34, 71, 45, 62, 42, 34, 36, 35, 70, 72, 39, 73, 60, 35, 70, 37, 36, 74, 67, 41, 66, 36, 75, 76, 68, 37, 68, 77, 75, 38, 73, 39, 78, 77, 46, 54, 71, 42, 44, 43, 62, 79, 63, 61, 52, 43, 62, 45, 44, 47, 80, 69, 81, 44, 71, 82, 46, 75, 50, 56, 47, 81, 56, 50, 49, 78, 58, 57, 77, 49, 83, 84, 64, 50, 55, 53, 51, 85, 65, 60, 86, 51, 78, 86, 73, 53, 59, 72, 54, 73, 87, 81, 88, 55, 57, 58, 76, 65, 76, 75, 57, 88, 77, 68, 58, 59, 72, 59, 82, 67, 89, 79, 79, 61, 64, 90, 83, 89, 90, 64, 74, 66, 86, 78, 65, 84, 69, 80, 91, 90, 91, 88, 69, 82, 92, 93, 93, 70, 82, 71, 72, 93, 74, 94, 90, 92, 94, 74, 84, 76, 79, 89, 89, 80, 81, 87, 80, 83, 84, 83, 94, 95, 85, 95, 95, 87, 95, 85, 85, 86, 88, 91, 87, 94, 93, 92, 92, 91]
 
(96, 352) = [0, 1, 2, 3, 2, 4, 0, 5, 1, 0, 6, 7, 8, 9, 9, 0, 6, 10, 1, 11, 12, 13, 14, 1, 4, 2, 10, 15, 16, 17, 13, 2, 3, 18, 18, 8, 18, 3, 3, 13, 10, 6, 4, 19, 20, 21, 22, 4, 5, 23, 24, 16, 24, 7, 5, 9, 23, 5, 25, 21, 26, 27, 28, 6, 7, 24, 29, 12, 29, 25, 7, 28, 9, 8, 8, 30, 31, 32, 33, 10, 11, 34, 35, 26, 35, 36, 11, 14, 34, 11, 37, 32, 14, 38, 12, 39, 13, 12, 16, 40, 38, 14, 17, 41, 15, 42, 43, 20, 43, 44, 15, 33, 42, 15, 45, 17, 17, 16, 38, 46, 40, 30, 30, 18, 19, 47, 48, 31, 48, 49, 19, 22, 47, 19, 50, 27, 22, 51, 20, 52, 21, 20, 53, 54, 53, 55, 21, 56, 51, 22, 55, 57, 25, 29, 23, 58, 54, 46, 59, 23, 30, 40, 40, 24, 60, 61, 56, 25, 28, 62, 26, 63, 27, 26, 64, 65, 64, 66, 27, 67, 62, 28, 66, 61, 63, 68, 39, 29, 33, 69, 31, 70, 32, 31, 58, 59, 58, 71, 32, 60, 69, 33, 71, 72, 37, 73, 34, 53, 59, 65, 54, 34, 36, 35, 73, 51, 39, 52, 63, 35, 73, 37, 36, 74, 57, 41, 75, 36, 56, 75, 60, 37, 49, 48, 76, 38, 52, 39, 70, 48, 41, 57, 61, 49, 61, 60, 41, 45, 45, 77, 42, 62, 46, 54, 78, 42, 44, 43, 77, 79, 70, 80, 52, 43, 77, 45, 44, 71, 81, 72, 72, 44, 78, 82, 46, 76, 50, 76, 47, 83, 65, 59, 82, 47, 76, 50, 49, 66, 84, 67, 67, 50, 55, 53, 51, 85, 86, 87, 87, 55, 75, 56, 57, 87, 71, 58, 69, 68, 66, 64, 62, 78, 68, 63, 80, 77, 88, 89, 89, 64, 82, 78, 65, 89, 67, 84, 84, 88, 80, 70, 68, 90, 91, 90, 90, 69, 72, 81, 81, 91, 92, 85, 85, 73, 74, 93, 93, 92, 93, 74, 74, 75, 79, 94, 94, 81, 94, 79, 79, 80, 95, 83, 83, 82, 83, 95, 95, 84, 85, 92, 92, 86, 87, 86, 86, 93, 89, 88, 88, 95, 90, 91, 91, 94]
 
